378.500000 300.500000 109.000000 55.000000
381.500000 299.500000 107.000000 56.000000
383.500000 299.500000 107.000000 56.000000
386.500000 298.500000 106.000000 56.000000
392.500000 297.500000 104.000000 56.000000
394.500000 296.500000 103.000000 56.000000
394.500000 296.500000 103.000000 56.000000
401.500000 293.500000 101.000000 56.000000
404.500000 293.500000 100.000000 56.000000
404.500000 293.500000 100.000000 56.000000
411.500000 292.500000 97.000000 54.000000
414.500000 291.500000 97.000000 55.000000
416.500000 290.500000 96.000000 55.000000
416.500000 290.500000 96.000000 55.000000
423.500000 289.500000 93.000000 54.000000
423.500000 289.500000 93.000000 54.000000
423.500000 289.500000 93.000000 54.000000
423.500000 289.500000 93.000000 54.000000
423.500000 289.500000 93.000000 54.000000
436.500000 285.500000 90.000000 53.000000
439.500000 284.500000 88.000000 53.000000
439.500000 284.500000 88.000000 53.000000
445.500000 283.500000 86.000000 52.000000
447.500000 283.500000 85.000000 51.000000
447.500000 283.500000 85.000000 51.000000
447.500000 283.500000 85.000000 51.000000
447.500000 283.500000 85.000000 51.000000
447.500000 283.500000 85.000000 51.000000
460.500000 280.500000 80.000000 49.000000
460.500000 280.500000 80.000000 49.000000
465.500000 277.500000 79.000000 50.000000
467.500000 277.500000 79.000000 49.000000
467.500000 277.500000 79.000000 49.000000
467.500000 277.500000 79.000000 49.000000
474.500000 274.500000 75.000000 49.000000
474.500000 274.500000 75.000000 49.000000
474.500000 274.500000 75.000000 49.000000
474.500000 274.500000 75.000000 49.000000
474.500000 274.500000 75.000000 49.000000
474.500000 274.500000 75.000000 49.000000
474.500000 274.500000 75.000000 49.000000
474.500000 274.500000 75.000000 49.000000
490.500000 270.500000 69.000000 47.000000
490.500000 270.500000 69.000000 47.000000
494.500000 269.500000 67.000000 46.000000
495.500000 268.500000 67.000000 46.000000
495.500000 268.500000 67.000000 46.000000
498.500000 267.500000 66.000000 46.000000
499.500000 266.500000 66.000000 46.000000
499.500000 266.500000 66.000000 46.000000
503.500000 265.500000 65.000000 44.000000
503.500000 265.500000 65.000000 44.000000
503.500000 265.500000 65.000000 44.000000
503.500000 265.500000 65.000000 44.000000
503.500000 265.500000 65.000000 44.000000
503.500000 265.500000 65.000000 44.000000
512.500000 261.500000 60.000000 46.000000
514.500000 260.500000 59.000000 46.000000
515.500000 260.500000 58.000000 46.000000
516.500000 259.500000 58.000000 47.000000
516.500000 259.500000 58.000000 47.000000
519.500000 258.500000 56.000000 45.000000
520.500000 257.500000 56.000000 45.000000
521.500000 257.500000 56.000000 45.000000
522.500000 256.500000 55.000000 48.000000
522.500000 256.500000 55.000000 48.000000
522.500000 256.500000 55.000000 48.000000
522.500000 256.500000 55.000000 48.000000
526.500000 253.500000 54.000000 50.000000
526.500000 253.500000 54.000000 50.000000
528.500000 252.500000 52.000000 50.000000
528.500000 252.500000 52.000000 50.000000
530.500000 250.500000 49.000000 47.000000
531.500000 250.500000 49.000000 48.000000
531.500000 250.500000 49.000000 48.000000
531.500000 250.500000 49.000000 48.000000
533.500000 250.500000 49.000000 44.000000
534.500000 251.500000 48.000000 43.000000
534.500000 253.500000 48.000000 39.000000
534.500000 253.500000 48.000000 39.000000
534.500000 253.500000 48.000000 39.000000
536.500000 244.500000 46.000000 45.000000
536.500000 244.500000 46.000000 45.000000
537.500000 246.500000 44.000000 42.000000
538.500000 247.500000 43.000000 40.000000
538.500000 247.500000 43.000000 40.000000
538.500000 247.500000 43.000000 40.000000
539.500000 246.500000 43.000000 41.000000
539.500000 243.500000 43.000000 43.000000
539.500000 242.500000 43.000000 44.000000
539.500000 242.500000 43.000000 43.000000
540.500000 242.500000 42.000000 43.000000
540.500000 241.500000 41.000000 43.000000
540.500000 241.500000 41.000000 43.000000
540.500000 240.500000 40.000000 42.000000
540.500000 240.500000 40.000000 42.000000
540.500000 240.500000 40.000000 42.000000
540.500000 240.500000 40.000000 42.000000
540.500000 238.500000 40.000000 42.000000
540.500000 238.500000 40.000000 42.000000
540.500000 238.500000 40.000000 42.000000
540.500000 238.500000 39.000000 40.000000
539.500000 238.500000 39.000000 40.000000
539.500000 238.500000 39.000000 40.000000
539.500000 237.500000 39.000000 39.000000
539.500000 237.500000 39.000000 39.000000
538.500000 236.500000 40.000000 39.000000
538.500000 236.500000 40.000000 39.000000
538.500000 236.500000 40.000000 39.000000
538.500000 236.500000 38.000000 38.000000
537.500000 236.500000 39.000000 37.000000
537.500000 236.500000 39.000000 37.000000
537.500000 236.500000 39.000000 37.000000
536.500000 234.500000 40.000000 38.000000
536.500000 234.500000 40.000000 38.000000
536.500000 234.500000 40.000000 38.000000
534.500000 233.500000 40.000000 37.000000
531.500000 233.500000 42.000000 37.000000
531.500000 233.500000 42.000000 37.000000
528.500000 231.500000 45.000000 39.000000
528.500000 231.500000 45.000000 39.000000
528.500000 231.500000 45.000000 39.000000
528.500000 231.500000 45.000000 39.000000
526.500000 229.500000 43.000000 38.000000
524.500000 229.500000 44.000000 38.000000
522.500000 228.500000 46.000000 39.000000
522.500000 228.500000 46.000000 39.000000
521.500000 227.500000 46.000000 38.000000
520.500000 228.500000 46.000000 35.000000
520.500000 228.500000 46.000000 35.000000
520.500000 228.500000 46.000000 35.000000
520.500000 228.500000 46.000000 35.000000
520.500000 228.500000 46.000000 35.000000
520.500000 228.500000 46.000000 35.000000
520.500000 228.500000 46.000000 35.000000
512.500000 224.500000 49.000000 33.000000
510.500000 223.500000 50.000000 34.000000
509.500000 222.500000 49.000000 32.000000
509.500000 222.500000 49.000000 32.000000
509.500000 222.500000 49.000000 32.000000
509.500000 222.500000 49.000000 32.000000
503.500000 221.500000 48.000000 33.000000
503.500000 221.500000 48.000000 33.000000
500.500000 221.500000 49.000000 33.000000
500.500000 219.500000 46.000000 34.000000
498.500000 219.500000 47.000000 33.000000
498.500000 219.500000 47.000000 33.000000
495.500000 219.500000 48.000000 33.000000
495.500000 218.500000 46.000000 34.000000
493.500000 217.500000 47.000000 34.000000
491.500000 217.500000 48.000000 34.000000
491.500000 217.500000 48.000000 34.000000
491.500000 217.500000 48.000000 34.000000
485.500000 217.500000 50.000000 33.000000
485.500000 217.500000 50.000000 33.000000
481.500000 216.500000 50.000000 34.000000
479.500000 216.500000 50.000000 33.000000
478.500000 215.500000 51.000000 34.000000
478.500000 215.500000 51.000000 34.000000
474.500000 211.500000 52.000000 36.000000
472.500000 209.500000 52.000000 37.000000
470.500000 208.500000 54.000000 39.000000
470.500000 208.500000 54.000000 39.000000
466.500000 208.500000 53.000000 38.000000
466.500000 208.500000 54.000000 38.000000
463.500000 208.500000 54.000000 37.000000
463.500000 208.500000 54.000000 37.000000
463.500000 208.500000 54.000000 37.000000
463.500000 208.500000 54.000000 37.000000
463.500000 208.500000 54.000000 37.000000
451.500000 209.500000 55.000000 34.000000
451.500000 209.500000 55.000000 34.000000
451.500000 209.500000 55.000000 34.000000
451.500000 209.500000 55.000000 34.000000
446.500000 211.500000 55.000000 30.000000
446.500000 211.500000 55.000000 30.000000
440.500000 210.500000 55.000000 29.000000
440.500000 210.500000 55.000000 29.000000
435.500000 211.500000 56.000000 27.000000
435.500000 211.500000 56.000000 27.000000
431.500000 211.500000 55.000000 27.000000
431.500000 211.500000 55.000000 27.000000
427.500000 209.500000 56.000000 29.000000
427.500000 209.500000 56.000000 29.000000
427.500000 209.500000 56.000000 29.000000
420.500000 208.500000 55.000000 28.000000
420.500000 208.500000 55.000000 28.000000
420.500000 208.500000 55.000000 28.000000
414.500000 208.500000 54.000000 27.000000
414.500000 209.500000 54.000000 26.000000
409.500000 208.500000 55.000000 26.000000
409.500000 208.500000 55.000000 26.000000
409.500000 208.500000 55.000000 26.000000
409.500000 208.500000 55.000000 26.000000
409.500000 208.500000 55.000000 26.000000
398.500000 204.500000 55.000000 28.000000
398.500000 204.500000 55.000000 28.000000
394.500000 204.500000 55.000000 28.000000
392.500000 204.500000 54.000000 27.000000
392.500000 204.500000 54.000000 27.000000
392.500000 204.500000 54.000000 27.000000
392.500000 204.500000 54.000000 27.000000
383.500000 203.500000 53.000000 27.000000
383.500000 203.500000 53.000000 27.000000
379.500000 203.500000 53.000000 26.000000
377.500000 204.500000 53.000000 23.000000
377.500000 204.500000 53.000000 23.000000
377.500000 204.500000 53.000000 23.000000
370.500000 204.500000 53.000000 23.000000
370.500000 204.500000 53.000000 23.000000
365.500000 203.500000 53.000000 23.000000
363.500000 202.500000 54.000000 24.000000
362.500000 203.500000 52.000000 23.000000
360.500000 201.500000 52.000000 25.000000
359.500000 201.500000 51.000000 25.000000
358.500000 201.500000 49.000000 25.000000
358.500000 201.500000 49.000000 25.000000
358.500000 201.500000 49.000000 25.000000
350.500000 198.500000 50.000000 28.000000
350.500000 198.500000 50.000000 28.000000
350.500000 198.500000 50.000000 28.000000
350.500000 198.500000 50.000000 28.000000
340.500000 199.500000 52.000000 27.000000
340.500000 199.500000 52.000000 27.000000
340.500000 199.500000 52.000000 27.000000
336.500000 194.500000 50.000000 30.000000
336.500000 194.500000 50.000000 30.000000
336.500000 194.500000 50.000000 30.000000
336.500000 194.500000 50.000000 30.000000
336.500000 194.500000 50.000000 30.000000
323.500000 193.500000 51.000000 30.000000
321.500000 194.500000 50.000000 30.000000
319.500000 193.500000 51.000000 31.000000
317.500000 192.500000 51.000000 32.000000
317.500000 192.500000 51.000000 32.000000
317.500000 192.500000 51.000000 32.000000
317.500000 192.500000 51.000000 32.000000
312.500000 192.500000 47.000000 29.000000
307.500000 192.500000 51.000000 28.000000
307.500000 192.500000 51.000000 28.000000
303.500000 192.500000 49.000000 28.000000
303.500000 192.500000 49.000000 28.000000
303.500000 192.500000 49.000000 28.000000
297.500000 192.500000 48.000000 28.000000
295.500000 192.500000 48.000000 27.000000
294.500000 191.500000 46.000000 28.000000
292.500000 191.500000 46.000000 26.000000
289.500000 191.500000 47.000000 25.000000
289.500000 191.500000 47.000000 25.000000
289.500000 191.500000 47.000000 25.000000
289.500000 191.500000 47.000000 25.000000
280.500000 187.500000 46.000000 28.000000
278.500000 187.500000 46.000000 27.000000
276.500000 187.500000 46.000000 27.000000
276.500000 187.500000 46.000000 27.000000
276.500000 187.500000 46.000000 27.000000
271.500000 187.500000 45.000000 25.000000
268.500000 188.500000 45.000000 24.000000
267.500000 187.500000 44.000000 24.000000
264.500000 187.500000 46.000000 24.000000
264.500000 187.500000 46.000000 24.000000
264.500000 187.500000 46.000000 24.000000
264.500000 187.500000 46.000000 24.000000
264.500000 187.500000 46.000000 24.000000
255.500000 186.500000 44.000000 26.000000
255.500000 186.500000 42.000000 26.000000
255.500000 186.500000 42.000000 26.000000
250.500000 185.500000 43.000000 26.000000
247.500000 185.500000 44.000000 25.000000
245.500000 184.500000 44.000000 25.000000
245.500000 184.500000 44.000000 25.000000
245.500000 184.500000 44.000000 25.000000
238.500000 183.500000 44.000000 26.000000
237.500000 184.500000 43.000000 24.000000
429.500000 228.500000 83.000000 71.000000
432.500000 234.500000 77.000000 64.000000
433.500000 234.500000 74.000000 64.000000
435.500000 262.500000 55.000000 35.000000
436.500000 261.500000 54.000000 35.000000
438.500000 261.500000 54.000000 35.000000
441.500000 260.500000 52.000000 34.000000
442.500000 259.500000 52.000000 34.000000
444.500000 258.500000 51.000000 35.000000
445.500000 258.500000 51.000000 34.000000
446.500000 258.500000 51.000000 33.000000
449.500000 256.500000 49.000000 34.000000
450.500000 256.500000 50.000000 33.000000
451.500000 256.500000 49.000000 34.000000
453.500000 256.500000 48.000000 33.000000
454.500000 255.500000 47.000000 34.000000
456.500000 254.500000 46.000000 34.000000
457.500000 254.500000 46.000000 33.000000
458.500000 254.500000 46.000000 32.000000
459.500000 253.500000 45.000000 32.000000
460.500000 253.500000 45.000000 32.000000
462.500000 251.500000 44.000000 33.000000
463.500000 251.500000 43.000000 32.000000
464.500000 250.500000 43.000000 32.000000
