159.500000 279.500000 131.000000 49.000000
159.500000 279.500000 131.000000 49.000000
158.500000 279.500000 130.000000 48.000000
158.500000 279.500000 130.000000 48.000000
159.500000 279.500000 129.000000 47.000000
159.500000 279.500000 129.000000 47.000000
159.500000 278.500000 129.000000 48.000000
159.500000 278.500000 129.000000 48.000000
159.500000 278.500000 129.000000 48.000000
158.500000 278.500000 130.000000 48.000000
158.500000 278.500000 130.000000 49.000000
158.500000 278.500000 131.000000 49.000000
158.500000 278.500000 131.000000 49.000000
158.500000 278.500000 131.000000 49.000000
158.500000 278.500000 131.000000 49.000000
158.500000 278.500000 131.000000 49.000000
158.500000 278.500000 131.000000 49.000000
1.500000 199.500000 290.000000 109.000000
158.500000 318.500000 129.000000 48.000000
156.500000 277.500000 134.000000 50.000000
156.500000 277.500000 134.000000 50.000000
156.500000 277.500000 134.000000 50.000000
156.500000 277.500000 135.000000 50.000000
156.500000 277.500000 135.000000 50.000000
156.500000 277.500000 135.000000 50.000000
157.500000 277.500000 133.000000 50.000000
157.500000 277.500000 133.000000 50.000000
157.500000 277.500000 133.000000 50.000000
158.500000 277.500000 132.000000 50.000000
158.500000 277.500000 132.000000 50.000000
158.500000 277.500000 132.000000 50.000000
158.500000 277.500000 132.000000 50.000000
158.500000 277.500000 132.000000 50.000000
-1.500000 5.500000 576.000000 302.000000
-1.500000 5.500000 576.000000 302.000000
99.500000 356.500000 174.000000 48.000000
99.500000 356.500000 174.000000 48.000000
163.500000 353.500000 115.000000 47.000000
163.500000 353.500000 115.000000 47.000000
157.500000 278.500000 132.000000 49.000000
157.500000 278.500000 132.000000 49.000000
171.500000 350.500000 116.000000 46.000000
172.500000 350.500000 118.000000 45.000000
158.500000 278.500000 131.000000 49.000000
158.500000 278.500000 131.000000 49.000000
158.500000 278.500000 131.000000 49.000000
158.500000 278.500000 131.000000 49.000000
158.500000 278.500000 131.000000 48.000000
158.500000 278.500000 131.000000 48.000000
159.500000 278.500000 130.000000 48.000000
159.500000 278.500000 130.000000 48.000000
69.500000 32.500000 386.000000 249.000000
69.500000 32.500000 386.000000 249.000000
69.500000 32.500000 386.000000 249.000000
156.500000 277.500000 134.000000 50.000000
184.500000 326.500000 101.000000 47.000000
156.500000 277.500000 134.000000 50.000000
156.500000 277.500000 134.000000 50.000000
156.500000 277.500000 134.000000 50.000000
157.500000 277.500000 133.000000 50.000000
157.500000 277.500000 133.000000 50.000000
157.500000 277.500000 133.000000 50.000000
158.500000 277.500000 132.000000 50.000000
158.500000 277.500000 132.000000 50.000000
158.500000 277.500000 132.000000 50.000000
158.500000 277.500000 131.000000 50.000000
158.500000 277.500000 131.000000 50.000000
159.500000 278.500000 130.000000 48.000000
151.500000 175.500000 248.000000 138.000000
156.500000 277.500000 137.000000 50.000000
156.500000 277.500000 137.000000 50.000000
156.500000 277.500000 137.000000 50.000000
156.500000 277.500000 135.000000 50.000000
156.500000 277.500000 135.000000 50.000000
156.500000 277.500000 135.000000 50.000000
156.500000 277.500000 135.000000 50.000000
156.500000 277.500000 135.000000 50.000000
156.500000 277.500000 135.000000 50.000000
157.500000 277.500000 132.000000 50.000000
203.500000 310.500000 69.000000 45.000000
158.500000 277.500000 131.000000 50.000000
158.500000 277.500000 131.000000 50.000000
158.500000 277.500000 131.000000 50.000000
158.500000 278.500000 131.000000 49.000000
-1.500000 327.500000 564.000000 102.000000
243.500000 292.500000 56.000000 41.000000
243.500000 292.500000 56.000000 41.000000
254.500000 286.500000 53.000000 41.000000
155.500000 277.500000 139.000000 50.000000
155.500000 277.500000 139.000000 50.000000
156.500000 277.500000 134.000000 50.000000
156.500000 277.500000 134.000000 50.000000
156.500000 277.500000 134.000000 50.000000
157.500000 277.500000 133.000000 50.000000
157.500000 277.500000 133.000000 50.000000
157.500000 277.500000 133.000000 50.000000
158.500000 277.500000 131.000000 50.000000
158.500000 277.500000 131.000000 50.000000
158.500000 277.500000 131.000000 50.000000
158.500000 277.500000 131.000000 50.000000
159.500000 278.500000 130.000000 48.000000
-0.500000 297.500000 508.000000 34.000000
-1.500000 295.500000 581.000000 33.000000
156.500000 277.500000 138.000000 50.000000
291.500000 262.500000 38.000000 42.000000
156.500000 277.500000 135.000000 50.000000
156.500000 277.500000 135.000000 50.000000
300.500000 260.500000 38.000000 41.000000
156.500000 277.500000 134.000000 50.000000
156.500000 277.500000 134.000000 50.000000
157.500000 277.500000 133.000000 50.000000
157.500000 277.500000 133.000000 50.000000
158.500000 277.500000 131.000000 50.000000
158.500000 277.500000 131.000000 50.000000
158.500000 277.500000 131.000000 50.000000
158.500000 277.500000 131.000000 50.000000
158.500000 277.500000 131.000000 50.000000
-1.500000 292.500000 585.000000 141.000000
155.500000 277.500000 139.000000 50.000000
156.500000 277.500000 138.000000 50.000000
156.500000 277.500000 136.000000 50.000000
156.500000 277.500000 135.000000 50.000000
156.500000 277.500000 135.000000 50.000000
157.500000 277.500000 134.000000 50.000000
157.500000 277.500000 134.000000 50.000000
157.500000 277.500000 134.000000 50.000000
157.500000 277.500000 133.000000 50.000000
158.500000 277.500000 132.000000 50.000000
158.500000 277.500000 132.000000 50.000000
158.500000 277.500000 132.000000 50.000000
158.500000 277.500000 132.000000 50.000000
158.500000 277.500000 131.000000 50.000000
158.500000 277.500000 131.000000 50.000000
158.500000 278.500000 131.000000 48.000000
159.500000 278.500000 130.000000 48.000000
165.500000 289.500000 399.000000 130.000000
156.500000 277.500000 138.000000 50.000000
157.500000 277.500000 136.000000 50.000000
381.500000 287.500000 202.000000 146.000000
381.500000 287.500000 202.000000 146.000000
398.500000 291.500000 185.000000 142.000000
399.500000 295.500000 184.000000 138.000000
67.500000 298.500000 516.000000 128.000000
-1.500000 302.500000 585.000000 124.000000
-1.500000 305.500000 585.000000 121.000000
-1.500000 305.500000 585.000000 121.000000
-1.500000 300.500000 585.000000 133.000000
-1.500000 303.500000 585.000000 130.000000
-1.500000 301.500000 575.000000 132.000000
-1.500000 301.500000 575.000000 132.000000
21.500000 293.500000 450.000000 140.000000
35.500000 300.500000 420.000000 133.000000
-1.500000 301.500000 575.000000 132.000000
299.500000 262.500000 87.000000 51.000000
299.500000 262.500000 87.000000 51.000000
298.500000 261.500000 87.000000 50.000000
298.500000 261.500000 87.000000 50.000000
297.500000 259.500000 85.000000 51.000000
297.500000 259.500000 85.000000 51.000000
-1.500000 292.500000 585.000000 141.000000
-1.500000 291.500000 583.000000 142.000000
-1.500000 291.500000 583.000000 142.000000
-1.500000 289.500000 542.000000 144.000000
-1.500000 290.500000 585.000000 143.000000
288.500000 257.500000 90.000000 51.000000
288.500000 257.500000 90.000000 51.000000
288.500000 257.500000 90.000000 51.000000
287.500000 257.500000 91.000000 52.000000
287.500000 257.500000 91.000000 52.000000
290.500000 258.500000 99.000000 51.000000
290.500000 258.500000 98.000000 53.000000
-1.500000 291.500000 585.000000 142.000000
29.500000 287.500000 554.000000 146.000000
-1.500000 292.500000 585.000000 141.000000
290.500000 259.500000 89.000000 52.000000
292.500000 259.500000 78.000000 52.000000
292.500000 259.500000 78.000000 52.000000
292.500000 259.500000 78.000000 52.000000
292.500000 259.500000 78.000000 52.000000
-1.500000 295.500000 585.000000 138.000000
297.500000 260.500000 92.000000 42.000000
-1.500000 298.500000 585.000000 135.000000
-1.500000 298.500000 585.000000 135.000000
-1.500000 298.500000 585.000000 135.000000
-1.500000 299.500000 585.000000 134.000000
295.500000 266.500000 87.000000 52.000000
295.500000 266.500000 87.000000 52.000000
295.500000 266.500000 87.000000 52.000000
-1.500000 293.500000 585.000000 140.000000
289.500000 262.500000 93.000000 45.000000
287.500000 262.500000 95.000000 35.000000
285.500000 263.500000 94.000000 30.000000
281.500000 262.500000 96.000000 27.000000
258.500000 262.500000 119.000000 39.000000
232.500000 264.500000 105.000000 50.000000
232.500000 264.500000 105.000000 50.000000
218.500000 263.500000 105.000000 49.000000
218.500000 263.500000 105.000000 49.000000
-1.500000 297.500000 539.000000 136.000000
-1.500000 294.500000 552.000000 139.000000
-1.500000 294.500000 552.000000 139.000000
-1.500000 293.500000 573.000000 140.000000
-1.500000 292.500000 585.000000 141.000000
287.500000 259.500000 88.000000 40.000000
287.500000 259.500000 88.000000 40.000000
289.500000 251.500000 108.000000 53.000000
289.500000 251.500000 108.000000 53.000000
290.500000 251.500000 97.000000 51.000000
291.500000 249.500000 95.000000 52.000000
-1.500000 285.500000 585.000000 148.000000
-1.500000 284.500000 585.000000 149.000000
-1.500000 285.500000 585.000000 148.000000
-1.500000 285.500000 585.000000 148.000000
-1.500000 282.500000 585.000000 151.000000
-1.500000 282.500000 585.000000 151.000000
-1.500000 282.500000 585.000000 151.000000
-1.500000 282.500000 585.000000 151.000000
-1.500000 282.500000 585.000000 151.000000
-1.500000 282.500000 585.000000 151.000000
290.500000 249.500000 100.000000 49.000000
-1.500000 282.500000 585.000000 151.000000
-1.500000 282.500000 585.000000 151.000000
288.500000 248.500000 94.000000 50.000000
-1.500000 282.500000 585.000000 151.000000
287.500000 248.500000 124.000000 51.000000
287.500000 248.500000 124.000000 51.000000
-1.500000 282.500000 585.000000 151.000000
-1.500000 281.500000 585.000000 152.000000
-1.500000 278.500000 585.000000 155.000000
-1.500000 278.500000 585.000000 155.000000
-1.500000 278.500000 585.000000 155.000000
-1.500000 278.500000 585.000000 155.000000
308.500000 246.500000 68.000000 29.000000
308.500000 246.500000 68.000000 29.000000
-1.500000 282.500000 585.000000 151.000000
-1.500000 282.500000 585.000000 151.000000
-1.500000 282.500000 585.000000 151.000000
-1.500000 282.500000 585.000000 151.000000
-1.500000 282.500000 585.000000 151.000000
-1.500000 280.500000 585.000000 153.000000
-1.500000 280.500000 585.000000 153.000000
-1.500000 280.500000 585.000000 153.000000
-1.500000 278.500000 585.000000 155.000000
273.500000 247.500000 90.000000 37.000000
272.500000 247.500000 76.000000 36.000000
-1.500000 282.500000 585.000000 151.000000
-1.500000 282.500000 585.000000 151.000000
-1.500000 282.500000 585.000000 151.000000
271.500000 250.500000 116.000000 50.000000
271.500000 249.500000 120.000000 50.000000
271.500000 249.500000 120.000000 50.000000
274.500000 246.500000 132.000000 48.000000
274.500000 246.500000 132.000000 48.000000
274.500000 243.500000 116.000000 51.000000
-1.500000 279.500000 585.000000 154.000000
276.500000 243.500000 117.000000 51.000000
-1.500000 281.500000 585.000000 152.000000
-1.500000 281.500000 585.000000 152.000000
274.500000 243.500000 120.000000 54.000000
-1.500000 281.500000 585.000000 152.000000
-1.500000 281.500000 585.000000 152.000000
-1.500000 281.500000 585.000000 152.000000
-1.500000 279.500000 585.000000 154.000000
-1.500000 278.500000 585.000000 155.000000
-1.500000 278.500000 585.000000 155.000000
-1.500000 278.500000 585.000000 155.000000
-1.500000 278.500000 585.000000 155.000000
-1.500000 278.500000 585.000000 155.000000
-1.500000 278.500000 585.000000 155.000000
-1.500000 282.500000 585.000000 151.000000
288.500000 245.500000 116.000000 46.000000
296.500000 243.500000 114.000000 44.000000
296.500000 243.500000 114.000000 44.000000
296.500000 243.500000 114.000000 44.000000
296.500000 243.500000 114.000000 44.000000
-1.500000 283.500000 585.000000 150.000000
-1.500000 283.500000 585.000000 150.000000
-1.500000 283.500000 585.000000 150.000000
-1.500000 283.500000 585.000000 150.000000
-1.500000 281.500000 585.000000 152.000000
296.500000 242.500000 125.000000 31.000000
296.500000 242.500000 125.000000 31.000000
294.500000 243.500000 93.000000 33.000000
-1.500000 281.500000 585.000000 152.000000
302.500000 242.500000 92.000000 39.000000
302.500000 242.500000 92.000000 39.000000
-1.500000 282.500000 585.000000 151.000000
326.500000 245.500000 86.000000 55.000000
-1.500000 285.500000 585.000000 148.000000
326.500000 241.500000 109.000000 56.000000
334.500000 241.500000 109.000000 54.000000
-1.500000 279.500000 585.000000 154.000000
317.500000 240.500000 142.000000 48.000000
317.500000 240.500000 142.000000 48.000000
337.500000 238.500000 130.000000 43.000000
-1.500000 279.500000 585.000000 154.000000
-1.500000 279.500000 585.000000 154.000000
321.500000 228.500000 144.000000 44.000000
-1.500000 275.500000 585.000000 158.000000
-1.500000 275.500000 585.000000 158.000000
334.500000 228.500000 133.000000 44.000000
337.500000 228.500000 139.000000 44.000000
330.500000 228.500000 147.000000 45.000000
-1.500000 282.500000 585.000000 151.000000
-1.500000 282.500000 585.000000 151.000000
326.500000 228.500000 162.000000 47.000000
-1.500000 285.500000 585.000000 148.000000
-1.500000 286.500000 585.000000 147.000000
-1.500000 286.500000 585.000000 147.000000
-1.500000 286.500000 585.000000 147.000000
362.500000 237.500000 120.000000 39.000000
363.500000 239.500000 116.000000 40.000000
358.500000 236.500000 125.000000 43.000000
-1.500000 285.500000 585.000000 148.000000
-1.500000 289.500000 585.000000 144.000000
378.500000 235.500000 121.000000 39.000000
-1.500000 291.500000 585.000000 142.000000
-1.500000 291.500000 585.000000 142.000000
-1.500000 285.500000 585.000000 148.000000
-1.500000 284.500000 585.000000 149.000000
-1.500000 284.500000 585.000000 149.000000
-1.500000 284.500000 585.000000 149.000000
-1.500000 284.500000 585.000000 149.000000
-1.500000 284.500000 585.000000 149.000000
-1.500000 284.500000 585.000000 149.000000
-1.500000 285.500000 585.000000 148.000000
-1.500000 284.500000 585.000000 149.000000
-1.500000 284.500000 585.000000 149.000000
-1.500000 285.500000 585.000000 148.000000
-1.500000 284.500000 585.000000 149.000000
345.500000 240.500000 131.000000 33.000000
-1.500000 284.500000 585.000000 149.000000
-1.500000 283.500000 585.000000 150.000000
-1.500000 284.500000 585.000000 149.000000
-1.500000 284.500000 585.000000 149.000000
-1.500000 284.500000 585.000000 149.000000
351.500000 226.500000 179.000000 42.000000
351.500000 226.500000 179.000000 42.000000
351.500000 226.500000 179.000000 42.000000
351.500000 226.500000 179.000000 42.000000
-1.500000 285.500000 585.000000 148.000000
-1.500000 285.500000 585.000000 148.000000
374.500000 235.500000 169.000000 39.000000
-1.500000 288.500000 585.000000 145.000000
-1.500000 292.500000 585.000000 141.000000
-1.500000 292.500000 585.000000 141.000000
-1.500000 292.500000 585.000000 141.000000
-1.500000 292.500000 585.000000 141.000000
35.500000 296.500000 548.000000 137.000000
388.500000 238.500000 162.000000 39.000000
-1.500000 298.500000 585.000000 135.000000
-1.500000 298.500000 585.000000 135.000000
-1.500000 298.500000 585.000000 135.000000
392.500000 237.500000 156.000000 31.000000
373.500000 228.500000 173.000000 40.000000
373.500000 228.500000 173.000000 40.000000
373.500000 228.500000 173.000000 40.000000
373.500000 228.500000 173.000000 40.000000
373.500000 238.500000 176.000000 36.000000
372.500000 240.500000 172.000000 37.000000
-1.500000 291.500000 585.000000 142.000000
-1.500000 291.500000 585.000000 142.000000
376.500000 239.500000 161.000000 42.000000
393.500000 239.500000 135.000000 47.000000
393.500000 239.500000 135.000000 47.000000
410.500000 238.500000 136.000000 46.000000
-1.500000 289.500000 574.000000 144.000000
-1.500000 289.500000 585.000000 144.000000
-1.500000 291.500000 585.000000 142.000000
-1.500000 291.500000 585.000000 142.000000
-1.500000 291.500000 585.000000 142.000000
-1.500000 291.500000 585.000000 142.000000
-1.500000 291.500000 585.000000 142.000000
-1.500000 293.500000 585.000000 140.000000
-1.500000 295.500000 585.000000 138.000000
399.500000 240.500000 163.000000 47.000000
399.500000 240.500000 163.000000 47.000000
399.500000 240.500000 163.000000 47.000000
-1.500000 301.500000 585.000000 132.000000
410.500000 244.500000 148.000000 45.000000
462.500000 251.500000 80.000000 36.000000
466.500000 251.500000 86.000000 36.000000
-1.500000 302.500000 585.000000 131.000000
-1.500000 302.500000 585.000000 131.000000
-1.500000 301.500000 585.000000 132.000000
-1.500000 299.500000 585.000000 134.000000
-1.500000 299.500000 585.000000 134.000000
-1.500000 295.500000 585.000000 138.000000
-1.500000 295.500000 585.000000 138.000000
461.500000 239.500000 120.000000 45.000000
470.500000 238.500000 113.000000 43.000000
-1.500000 292.500000 585.000000 141.000000
-1.500000 292.500000 585.000000 141.000000
501.500000 251.500000 82.000000 25.000000
501.500000 251.500000 82.000000 25.000000
-1.500000 292.500000 585.000000 141.000000
-1.500000 292.500000 585.000000 141.000000
-1.500000 292.500000 585.000000 141.000000
-1.500000 292.500000 585.000000 141.000000
-1.500000 292.500000 585.000000 141.000000
-1.500000 292.500000 585.000000 141.000000
-1.500000 292.500000 585.000000 141.000000
-1.500000 292.500000 585.000000 141.000000
-1.500000 292.500000 585.000000 141.000000
-1.500000 297.500000 585.000000 136.000000
-1.500000 297.500000 585.000000 136.000000
-1.500000 296.500000 585.000000 137.000000
-1.500000 295.500000 585.000000 138.000000
-1.500000 300.500000 585.000000 133.000000
-1.500000 298.500000 585.000000 135.000000
-1.500000 298.500000 585.000000 135.000000
490.500000 243.500000 90.000000 44.000000
498.500000 241.500000 83.000000 44.000000
498.500000 241.500000 83.000000 44.000000
498.500000 241.500000 83.000000 44.000000
498.500000 241.500000 83.000000 44.000000
498.500000 241.500000 83.000000 44.000000
-1.500000 292.500000 585.000000 141.000000
-1.500000 293.500000 585.000000 140.000000
-1.500000 295.500000 585.000000 138.000000
-1.500000 296.500000 585.000000 137.000000
-1.500000 297.500000 585.000000 136.000000
-1.500000 298.500000 585.000000 135.000000
-1.500000 298.500000 585.000000 135.000000
-1.500000 300.500000 585.000000 133.000000
-1.500000 300.500000 585.000000 133.000000
-1.500000 300.500000 585.000000 133.000000
-1.500000 300.500000 585.000000 133.000000
-1.500000 300.500000 585.000000 133.000000
-1.500000 300.500000 585.000000 133.000000
-1.500000 300.500000 585.000000 133.000000
-1.500000 302.500000 585.000000 131.000000
-1.500000 302.500000 585.000000 131.000000
-1.500000 302.500000 585.000000 131.000000
-1.500000 301.500000 585.000000 132.000000
-1.500000 301.500000 585.000000 132.000000
-1.500000 301.500000 585.000000 132.000000
-1.500000 295.500000 585.000000 138.000000
-1.500000 295.500000 585.000000 138.000000
-1.500000 295.500000 585.000000 138.000000
-1.500000 295.500000 585.000000 138.000000
-1.500000 294.500000 585.000000 139.000000
-1.500000 294.500000 585.000000 139.000000
-1.500000 294.500000 585.000000 139.000000
-1.500000 292.500000 585.000000 141.000000
-1.500000 292.500000 585.000000 141.000000
-1.500000 293.500000 585.000000 140.000000
-1.500000 293.500000 585.000000 140.000000
-1.500000 293.500000 585.000000 140.000000
-1.500000 293.500000 585.000000 140.000000
-1.500000 293.500000 585.000000 140.000000
-1.500000 292.500000 585.000000 141.000000
-1.500000 292.500000 585.000000 141.000000
-1.500000 292.500000 585.000000 141.000000
-1.500000 292.500000 585.000000 141.000000
-1.500000 292.500000 585.000000 141.000000
-1.500000 291.500000 585.000000 142.000000
-1.500000 291.500000 585.000000 142.000000
-1.500000 291.500000 585.000000 142.000000
-1.500000 291.500000 585.000000 142.000000
-1.500000 289.500000 577.000000 144.000000
-1.500000 290.500000 578.000000 143.000000
-1.500000 289.500000 583.000000 144.000000
-1.500000 289.500000 585.000000 144.000000
-1.500000 289.500000 585.000000 144.000000
-1.500000 289.500000 585.000000 144.000000
509.500000 231.500000 74.000000 39.000000
521.500000 232.500000 62.000000 41.000000
521.500000 232.500000 62.000000 41.000000
-1.500000 290.500000 510.000000 143.000000
-1.500000 290.500000 528.000000 143.000000
-1.500000 290.500000 546.000000 143.000000
-1.500000 290.500000 546.000000 143.000000
-1.500000 290.500000 546.000000 143.000000
-1.500000 289.500000 585.000000 144.000000
-1.500000 289.500000 585.000000 144.000000
-1.500000 289.500000 585.000000 144.000000
-1.500000 289.500000 585.000000 144.000000
-1.500000 289.500000 585.000000 144.000000
-1.500000 292.500000 585.000000 141.000000
-1.500000 293.500000 585.000000 140.000000
-1.500000 294.500000 585.000000 139.000000
524.500000 231.500000 59.000000 48.000000
524.500000 231.500000 59.000000 48.000000
525.500000 232.500000 58.000000 46.000000
-1.500000 293.500000 585.000000 140.000000
-1.500000 293.500000 585.000000 140.000000
-1.500000 293.500000 585.000000 140.000000
525.500000 230.500000 58.000000 49.000000
-1.500000 294.500000 585.000000 139.000000
-1.500000 294.500000 585.000000 139.000000
-1.500000 294.500000 585.000000 139.000000
-1.500000 294.500000 585.000000 139.000000
-1.500000 294.500000 585.000000 139.000000
525.500000 242.500000 58.000000 39.000000
525.500000 242.500000 58.000000 39.000000
-1.500000 295.500000 585.000000 138.000000
525.500000 241.500000 58.000000 39.000000
525.500000 235.500000 58.000000 46.000000
-1.500000 292.500000 585.000000 141.000000
-1.500000 290.500000 585.000000 143.000000
-1.500000 290.500000 585.000000 143.000000
-1.500000 290.500000 585.000000 143.000000
-1.500000 290.500000 585.000000 143.000000
-1.500000 292.500000 585.000000 141.000000
-1.500000 292.500000 585.000000 141.000000
-1.500000 291.500000 585.000000 142.000000
529.500000 233.500000 54.000000 40.000000
529.500000 233.500000 54.000000 40.000000
-1.500000 292.500000 585.000000 141.000000
530.500000 233.500000 53.000000 41.000000
-1.500000 289.500000 585.000000 144.000000
