238.500000 148.500000 22.000000 45.000000
240.500000 147.500000 20.000000 46.000000
243.500000 147.500000 16.000000 45.000000
243.500000 146.500000 16.000000 45.000000
245.500000 146.500000 16.000000 45.000000
245.500000 147.500000 18.000000 44.000000
245.500000 147.500000 19.000000 44.000000
245.500000 147.500000 20.000000 43.000000
245.500000 147.500000 20.000000 43.000000
245.500000 148.500000 20.000000 42.000000
244.500000 148.500000 21.000000 42.000000
244.500000 147.500000 22.000000 43.000000
245.500000 147.500000 22.000000 43.000000
245.500000 147.500000 22.000000 43.000000
245.500000 147.500000 22.000000 43.000000
249.500000 146.500000 19.000000 44.000000
249.500000 146.500000 19.000000 44.000000
253.500000 146.500000 15.000000 44.000000
253.500000 146.500000 15.000000 44.000000
253.500000 146.500000 15.000000 44.000000
253.500000 145.500000 16.000000 45.000000
253.500000 146.500000 17.000000 43.000000
253.500000 146.500000 17.000000 43.000000
253.500000 146.500000 17.000000 43.000000
252.500000 147.500000 20.000000 42.000000
252.500000 147.500000 20.000000 41.000000
251.500000 148.500000 21.000000 41.000000
251.500000 148.500000 21.000000 41.000000
251.500000 148.500000 21.000000 41.000000
251.500000 148.500000 21.000000 41.000000
254.500000 148.500000 20.000000 40.000000
254.500000 148.500000 20.000000 40.000000
254.500000 148.500000 20.000000 40.000000
255.500000 149.500000 19.000000 39.000000
255.500000 149.500000 18.000000 39.000000
254.500000 152.500000 18.000000 36.000000
254.500000 151.500000 16.000000 37.000000
254.500000 151.500000 16.000000 37.000000
254.500000 151.500000 16.000000 37.000000
250.500000 149.500000 18.000000 39.000000
250.500000 148.500000 17.000000 40.000000
249.500000 146.500000 17.000000 42.000000
248.500000 145.500000 18.000000 43.000000
246.500000 146.500000 19.000000 42.000000
244.500000 148.500000 21.000000 40.000000
244.500000 148.500000 21.000000 40.000000
244.500000 148.500000 21.000000 40.000000
244.500000 148.500000 21.000000 40.000000
244.500000 146.500000 22.000000 44.000000
246.500000 146.500000 20.000000 44.000000
247.500000 147.500000 21.000000 45.000000
247.500000 147.500000 19.000000 45.000000
247.500000 147.500000 19.000000 45.000000
246.500000 146.500000 16.000000 46.000000
246.500000 146.500000 16.000000 46.000000
246.500000 146.500000 16.000000 46.000000
246.500000 146.500000 16.000000 46.000000
246.500000 146.500000 16.000000 46.000000
246.500000 146.500000 16.000000 46.000000
246.500000 146.500000 16.000000 46.000000
233.500000 147.500000 23.000000 46.000000
233.500000 147.500000 23.000000 46.000000
230.500000 148.500000 22.000000 43.000000
227.500000 146.500000 23.000000 44.000000
225.500000 145.500000 21.000000 45.000000
223.500000 145.500000 20.000000 45.000000
223.500000 145.500000 20.000000 45.000000
223.500000 145.500000 20.000000 45.000000
223.500000 145.500000 20.000000 45.000000
223.500000 145.500000 20.000000 45.000000
223.500000 145.500000 20.000000 45.000000
210.500000 147.500000 17.000000 45.000000
208.500000 148.500000 17.000000 44.000000
207.500000 149.500000 17.000000 44.000000
207.500000 149.500000 17.000000 44.000000
205.500000 149.500000 18.000000 44.000000
203.500000 148.500000 20.000000 45.000000
202.500000 148.500000 21.000000 46.000000
202.500000 148.500000 21.000000 46.000000
202.500000 148.500000 21.000000 46.000000
203.500000 147.500000 20.000000 46.000000
203.500000 147.500000 20.000000 46.000000
204.500000 146.500000 20.000000 47.000000
205.500000 145.500000 20.000000 47.000000
205.500000 145.500000 20.000000 47.000000
208.500000 147.500000 17.000000 46.000000
208.500000 147.500000 17.000000 46.000000
211.500000 147.500000 18.000000 48.000000
211.500000 147.500000 18.000000 48.000000
211.500000 147.500000 18.000000 48.000000
211.500000 147.500000 18.000000 48.000000
207.500000 150.500000 23.000000 46.000000
206.500000 150.500000 24.000000 46.000000
206.500000 150.500000 24.000000 46.000000
206.500000 150.500000 24.000000 46.000000
206.500000 150.500000 24.000000 46.000000
209.500000 151.500000 23.000000 46.000000
211.500000 152.500000 21.000000 45.000000
213.500000 153.500000 20.000000 45.000000
214.500000 154.500000 21.000000 45.000000
214.500000 154.500000 21.000000 45.000000
218.500000 156.500000 19.000000 43.000000
218.500000 156.500000 19.000000 43.000000
218.500000 156.500000 19.000000 43.000000
218.500000 156.500000 19.000000 43.000000
228.500000 153.500000 19.000000 45.000000
228.500000 153.500000 19.000000 45.000000
229.500000 152.500000 22.000000 43.000000
229.500000 152.500000 22.000000 43.000000
231.500000 152.500000 22.000000 43.000000
232.500000 151.500000 22.000000 44.000000
232.500000 151.500000 22.000000 44.000000
236.500000 150.500000 21.000000 46.000000
237.500000 150.500000 21.000000 46.000000
239.500000 149.500000 20.000000 46.000000
239.500000 149.500000 20.000000 46.000000
243.500000 151.500000 21.000000 45.000000
243.500000 151.500000 21.000000 45.000000
244.500000 150.500000 23.000000 46.000000
244.500000 150.500000 23.000000 46.000000
246.500000 151.500000 22.000000 45.000000
244.500000 152.500000 25.000000 44.000000
243.500000 152.500000 25.000000 44.000000
244.500000 150.500000 24.000000 45.000000
244.500000 148.500000 23.000000 48.000000
244.500000 149.500000 23.000000 47.000000
245.500000 149.500000 23.000000 47.000000
245.500000 149.500000 23.000000 47.000000
245.500000 149.500000 23.000000 47.000000
245.500000 149.500000 23.000000 47.000000
246.500000 148.500000 22.000000 47.000000
246.500000 148.500000 22.000000 47.000000
246.500000 148.500000 22.000000 47.000000
246.500000 148.500000 17.000000 47.000000
244.500000 149.500000 18.000000 46.000000
244.500000 149.500000 18.000000 46.000000
244.500000 149.500000 18.000000 46.000000
237.500000 146.500000 18.000000 47.000000
237.500000 146.500000 18.000000 47.000000
237.500000 146.500000 18.000000 47.000000
237.500000 146.500000 18.000000 47.000000
237.500000 146.500000 18.000000 47.000000
237.500000 146.500000 18.000000 47.000000
237.500000 146.500000 18.000000 47.000000
237.500000 146.500000 18.000000 47.000000
237.500000 146.500000 18.000000 47.000000
237.500000 146.500000 18.000000 47.000000
237.500000 146.500000 18.000000 47.000000
216.500000 145.500000 19.000000 47.000000
216.500000 145.500000 19.000000 47.000000
214.500000 147.500000 20.000000 45.000000
214.500000 147.500000 20.000000 45.000000
211.500000 147.500000 20.000000 45.000000
208.500000 144.500000 22.000000 48.000000
206.500000 144.500000 23.000000 48.000000
206.500000 144.500000 23.000000 48.000000
203.500000 144.500000 25.000000 48.000000
202.500000 144.500000 26.000000 48.000000
202.500000 144.500000 26.000000 48.000000
200.500000 143.500000 25.000000 49.000000
200.500000 143.500000 25.000000 49.000000
200.500000 147.500000 26.000000 48.000000
200.500000 147.500000 26.000000 48.000000
200.500000 144.500000 26.000000 50.000000
201.500000 144.500000 26.000000 49.000000
202.500000 145.500000 26.000000 48.000000
202.500000 145.500000 26.000000 48.000000
202.500000 145.500000 26.000000 48.000000
204.500000 145.500000 28.000000 49.000000
204.500000 145.500000 28.000000 49.000000
204.500000 145.500000 28.000000 49.000000
204.500000 145.500000 28.000000 49.000000
203.500000 144.500000 22.000000 49.000000
203.500000 144.500000 24.000000 49.000000
203.500000 144.500000 24.000000 49.000000
203.500000 144.500000 24.000000 49.000000
205.500000 144.500000 21.000000 49.000000
205.500000 144.500000 21.000000 49.000000
205.500000 144.500000 22.000000 50.000000
206.500000 143.500000 20.000000 50.000000
206.500000 143.500000 18.000000 49.000000
206.500000 143.500000 18.000000 49.000000
207.500000 144.500000 16.000000 49.000000
207.500000 144.500000 16.000000 49.000000
207.500000 144.500000 16.000000 49.000000
207.500000 144.500000 16.000000 49.000000
207.500000 144.500000 16.000000 49.000000
199.500000 144.500000 25.000000 48.000000
199.500000 144.500000 26.000000 48.000000
199.500000 144.500000 26.000000 48.000000
202.500000 144.500000 25.000000 48.000000
202.500000 144.500000 25.000000 48.000000
202.500000 144.500000 25.000000 48.000000
207.500000 145.500000 25.000000 48.000000
207.500000 145.500000 25.000000 48.000000
210.500000 144.500000 22.000000 47.000000
210.500000 144.500000 22.000000 47.000000
210.500000 144.500000 22.000000 47.000000
211.500000 141.500000 17.000000 47.000000
211.500000 141.500000 17.000000 47.000000
211.500000 141.500000 18.000000 47.000000
211.500000 141.500000 18.000000 47.000000
211.500000 141.500000 18.000000 47.000000
206.500000 141.500000 26.000000 46.000000
206.500000 141.500000 26.000000 46.000000
206.500000 141.500000 26.000000 46.000000
206.500000 141.500000 26.000000 46.000000
210.500000 138.500000 29.000000 50.000000
210.500000 138.500000 29.000000 50.000000
212.500000 138.500000 28.000000 50.000000
214.500000 138.500000 25.000000 50.000000
216.500000 139.500000 22.000000 49.000000
218.500000 136.500000 19.000000 52.000000
219.500000 135.500000 17.000000 53.000000
219.500000 135.500000 17.000000 53.000000
219.500000 135.500000 17.000000 53.000000
215.500000 137.500000 21.000000 51.000000
213.500000 137.500000 23.000000 51.000000
211.500000 137.500000 25.000000 52.000000
210.500000 137.500000 27.000000 52.000000
210.500000 137.500000 28.000000 52.000000
210.500000 137.500000 28.000000 52.000000
209.500000 137.500000 29.000000 53.000000
210.500000 136.500000 28.000000 53.000000
211.500000 137.500000 26.000000 54.000000
211.500000 137.500000 26.000000 54.000000
211.500000 140.500000 23.000000 52.000000
211.500000 140.500000 23.000000 52.000000
212.500000 138.500000 17.000000 53.000000
212.500000 138.500000 17.000000 53.000000
212.500000 138.500000 17.000000 53.000000
212.500000 138.500000 17.000000 53.000000
212.500000 138.500000 17.000000 53.000000
212.500000 138.500000 17.000000 53.000000
208.500000 137.500000 18.000000 51.000000
203.500000 137.500000 23.000000 52.000000
201.500000 137.500000 27.000000 53.000000
201.500000 137.500000 27.000000 53.000000
201.500000 137.500000 27.000000 53.000000
200.500000 138.500000 25.000000 52.000000
202.500000 138.500000 21.000000 52.000000
202.500000 138.500000 21.000000 52.000000
202.500000 138.500000 21.000000 52.000000
206.500000 139.500000 15.000000 49.000000
206.500000 139.500000 15.000000 49.000000
205.500000 138.500000 16.000000 50.000000
205.500000 138.500000 16.000000 50.000000
202.500000 140.500000 19.000000 50.000000
202.500000 140.500000 19.000000 50.000000
198.500000 140.500000 22.000000 50.000000
203.500000 141.500000 17.000000 46.000000
203.500000 141.500000 17.000000 46.000000
203.500000 141.500000 17.000000 46.000000
201.500000 142.500000 21.000000 48.000000
201.500000 142.500000 21.000000 48.000000
203.500000 142.500000 17.000000 47.000000
200.500000 143.500000 21.000000 48.000000
200.500000 143.500000 21.000000 48.000000
203.500000 141.500000 23.000000 49.000000
202.500000 141.500000 20.000000 47.000000
196.500000 142.500000 26.000000 48.000000
196.500000 142.500000 26.000000 48.000000
196.500000 142.500000 26.000000 48.000000
196.500000 142.500000 26.000000 48.000000
196.500000 142.500000 26.000000 48.000000
196.500000 142.500000 26.000000 48.000000
196.500000 142.500000 26.000000 48.000000
196.500000 142.500000 26.000000 48.000000
196.500000 142.500000 26.000000 48.000000
196.500000 142.500000 26.000000 48.000000
196.500000 142.500000 26.000000 48.000000
199.500000 144.500000 21.000000 30.000000
199.500000 144.500000 21.000000 30.000000
199.500000 144.500000 21.000000 30.000000
201.500000 145.500000 20.000000 46.000000
201.500000 145.500000 20.000000 46.000000
203.500000 145.500000 17.000000 45.000000
203.500000 145.500000 17.000000 45.000000
202.500000 144.500000 18.000000 47.000000
200.500000 144.500000 19.000000 48.000000
197.500000 144.500000 23.000000 48.000000
197.500000 144.500000 23.000000 48.000000
197.500000 144.500000 23.000000 48.000000
197.500000 144.500000 23.000000 48.000000
195.500000 145.500000 23.000000 46.000000
195.500000 145.500000 22.000000 46.000000
195.500000 145.500000 23.000000 47.000000
195.500000 145.500000 23.000000 47.000000
194.500000 146.500000 25.000000 46.000000
194.500000 146.500000 26.000000 46.000000
195.500000 146.500000 25.000000 46.000000
195.500000 146.500000 25.000000 46.000000
196.500000 146.500000 22.000000 46.000000
196.500000 146.500000 22.000000 46.000000
196.500000 145.500000 20.000000 47.000000
195.500000 145.500000 21.000000 46.000000
195.500000 145.500000 21.000000 46.000000
195.500000 146.500000 22.000000 44.000000
195.500000 146.500000 22.000000 44.000000
195.500000 146.500000 22.000000 44.000000
194.500000 146.500000 26.000000 45.000000
194.500000 146.500000 26.000000 45.000000
194.500000 146.500000 26.000000 45.000000
194.500000 146.500000 26.000000 45.000000
195.500000 145.500000 26.000000 47.000000
195.500000 145.500000 26.000000 47.000000
195.500000 145.500000 26.000000 47.000000
200.500000 145.500000 26.000000 46.000000
199.500000 145.500000 24.000000 46.000000
199.500000 145.500000 24.000000 46.000000
198.500000 144.500000 24.000000 46.000000
202.500000 144.500000 20.000000 46.000000
200.500000 144.500000 22.000000 47.000000
200.500000 144.500000 22.000000 47.000000
201.500000 144.500000 21.000000 46.000000
201.500000 144.500000 22.000000 45.000000
201.500000 143.500000 21.000000 46.000000
201.500000 144.500000 22.000000 46.000000
202.500000 144.500000 21.000000 48.000000
202.500000 144.500000 21.000000 48.000000
202.500000 144.500000 21.000000 48.000000
202.500000 145.500000 21.000000 46.000000
203.500000 145.500000 19.000000 47.000000
203.500000 145.500000 19.000000 47.000000
203.500000 145.500000 19.000000 47.000000
204.500000 145.500000 21.000000 42.000000
206.500000 145.500000 19.000000 43.000000
206.500000 145.500000 19.000000 43.000000
206.500000 145.500000 19.000000 43.000000
206.500000 145.500000 19.000000 43.000000
206.500000 145.500000 19.000000 43.000000
209.500000 145.500000 23.000000 41.000000
209.500000 145.500000 23.000000 41.000000
209.500000 145.500000 23.000000 41.000000
209.500000 145.500000 23.000000 41.000000
209.500000 145.500000 23.000000 41.000000
209.500000 145.500000 23.000000 41.000000
212.500000 145.500000 27.000000 40.000000
213.500000 145.500000 26.000000 40.000000
213.500000 145.500000 26.000000 40.000000
213.500000 145.500000 26.000000 40.000000
213.500000 145.500000 26.000000 40.000000
213.500000 145.500000 26.000000 40.000000
213.500000 145.500000 26.000000 40.000000
214.500000 145.500000 25.000000 28.000000
214.500000 145.500000 25.000000 28.000000
215.500000 145.500000 24.000000 26.000000
215.500000 145.500000 24.000000 26.000000
217.500000 145.500000 23.000000 25.000000
217.500000 145.500000 22.000000 22.000000
218.500000 145.500000 22.000000 21.000000
220.500000 144.500000 21.000000 21.000000
220.500000 144.500000 21.000000 21.000000
221.500000 144.500000 22.000000 20.000000
221.500000 144.500000 22.000000 20.000000
220.500000 144.500000 24.000000 20.000000
221.500000 144.500000 23.000000 19.000000
221.500000 144.500000 24.000000 19.000000
221.500000 144.500000 24.000000 19.000000
221.500000 144.500000 24.000000 19.000000
221.500000 144.500000 24.000000 19.000000
224.500000 143.500000 23.000000 18.000000
224.500000 143.500000 23.000000 18.000000
224.500000 143.500000 23.000000 18.000000
228.500000 144.500000 21.000000 17.000000
228.500000 144.500000 21.000000 17.000000
229.500000 144.500000 22.000000 17.000000
230.500000 144.500000 21.000000 18.000000
230.500000 144.500000 21.000000 18.000000
231.500000 145.500000 22.000000 17.000000
231.500000 145.500000 22.000000 17.000000
231.500000 145.500000 22.000000 17.000000
232.500000 146.500000 23.000000 18.000000
233.500000 147.500000 22.000000 17.000000
233.500000 147.500000 22.000000 17.000000
235.500000 147.500000 22.000000 17.000000
235.500000 147.500000 22.000000 17.000000
236.500000 149.500000 19.000000 14.000000
236.500000 149.500000 19.000000 14.000000
238.500000 150.500000 19.000000 14.000000
238.500000 150.500000 19.000000 14.000000
238.500000 150.500000 19.000000 14.000000
238.500000 150.500000 19.000000 14.000000
238.500000 150.500000 19.000000 14.000000
239.500000 152.500000 19.000000 13.000000
239.500000 152.500000 19.000000 13.000000
239.500000 152.500000 19.000000 13.000000
240.500000 153.500000 18.000000 12.000000
240.500000 153.500000 18.000000 12.000000
240.500000 153.500000 18.000000 12.000000
240.500000 153.500000 18.000000 12.000000
240.500000 153.500000 18.000000 12.000000
240.500000 153.500000 18.000000 12.000000
240.500000 153.500000 18.000000 12.000000
240.500000 153.500000 18.000000 12.000000
240.500000 153.500000 18.000000 12.000000
240.500000 153.500000 18.000000 12.000000
240.500000 153.500000 18.000000 12.000000
240.500000 153.500000 18.000000 12.000000
240.500000 153.500000 18.000000 12.000000
240.500000 153.500000 18.000000 12.000000
240.500000 153.500000 18.000000 12.000000
240.500000 153.500000 18.000000 12.000000
240.500000 153.500000 18.000000 12.000000
240.500000 153.500000 18.000000 12.000000
241.500000 149.500000 13.000000 10.000000
240.500000 147.500000 15.000000 12.000000
240.500000 147.500000 15.000000 12.000000
240.500000 147.500000 15.000000 12.000000
240.500000 147.500000 15.000000 12.000000
240.500000 147.500000 15.000000 12.000000
240.500000 147.500000 15.000000 12.000000
240.500000 147.500000 15.000000 12.000000
240.500000 147.500000 15.000000 12.000000
240.500000 147.500000 15.000000 12.000000
240.500000 147.500000 15.000000 12.000000
240.500000 147.500000 15.000000 12.000000
240.500000 147.500000 15.000000 12.000000
240.500000 147.500000 15.000000 12.000000
240.500000 147.500000 15.000000 12.000000
240.500000 147.500000 15.000000 12.000000
240.500000 147.500000 15.000000 12.000000
240.500000 147.500000 15.000000 12.000000
240.500000 147.500000 15.000000 12.000000
242.500000 147.500000 12.000000 11.000000
242.500000 147.500000 12.000000 11.000000
242.500000 147.500000 12.000000 11.000000
242.500000 147.500000 12.000000 11.000000
242.500000 147.500000 12.000000 11.000000
242.500000 147.500000 12.000000 11.000000
242.500000 147.500000 12.000000 11.000000
242.500000 147.500000 12.000000 11.000000
242.500000 147.500000 12.000000 11.000000
242.500000 147.500000 12.000000 11.000000
242.500000 147.500000 12.000000 11.000000
242.500000 147.500000 12.000000 11.000000
242.500000 147.500000 12.000000 11.000000
242.500000 147.500000 12.000000 11.000000
242.500000 147.500000 12.000000 11.000000
242.500000 147.500000 12.000000 11.000000
242.500000 147.500000 12.000000 11.000000
242.500000 147.500000 12.000000 11.000000
242.500000 147.500000 12.000000 11.000000
242.500000 147.500000 12.000000 11.000000
242.500000 147.500000 12.000000 11.000000
242.500000 147.500000 12.000000 11.000000
242.500000 147.500000 12.000000 11.000000
242.500000 147.500000 12.000000 11.000000
242.500000 147.500000 12.000000 11.000000
242.500000 147.500000 12.000000 11.000000
242.500000 147.500000 12.000000 11.000000
242.500000 147.500000 12.000000 11.000000
242.500000 147.500000 12.000000 11.000000
242.500000 147.500000 12.000000 11.000000
242.500000 147.500000 12.000000 11.000000
242.500000 147.500000 12.000000 11.000000
242.500000 147.500000 12.000000 11.000000
194.500000 144.500000 20.000000 11.000000
194.500000 144.500000 20.000000 11.000000
194.500000 144.500000 20.000000 11.000000
194.500000 144.500000 20.000000 11.000000
194.500000 144.500000 20.000000 11.000000
194.500000 144.500000 20.000000 11.000000
194.500000 144.500000 20.000000 11.000000
194.500000 144.500000 20.000000 11.000000
194.500000 144.500000 20.000000 11.000000
194.500000 144.500000 20.000000 11.000000
194.500000 144.500000 20.000000 11.000000
194.500000 144.500000 20.000000 11.000000
194.500000 144.500000 20.000000 11.000000
194.500000 144.500000 20.000000 11.000000
182.500000 142.500000 11.000000 12.000000
182.500000 142.500000 11.000000 12.000000
181.500000 142.500000 11.000000 13.000000
178.500000 142.500000 14.000000 14.000000
178.500000 142.500000 15.000000 14.000000
178.500000 142.500000 15.000000 14.000000
177.500000 142.500000 17.000000 14.000000
177.500000 142.500000 17.000000 14.000000
177.500000 142.500000 17.000000 14.000000
177.500000 142.500000 17.000000 14.000000
177.500000 142.500000 12.000000 13.000000
176.500000 143.500000 12.000000 13.000000
174.500000 143.500000 14.000000 15.000000
174.500000 143.500000 14.000000 15.000000
174.500000 143.500000 14.000000 15.000000
173.500000 144.500000 12.000000 15.000000
173.500000 144.500000 12.000000 15.000000
172.500000 144.500000 13.000000 16.000000
172.500000 144.500000 13.000000 16.000000
172.500000 144.500000 13.000000 16.000000
172.500000 144.500000 13.000000 16.000000
172.500000 144.500000 13.000000 16.000000
172.500000 144.500000 13.000000 16.000000
166.500000 144.500000 18.000000 19.000000
167.500000 145.500000 16.000000 19.000000
167.500000 145.500000 16.000000 19.000000
163.500000 145.500000 21.000000 23.000000
161.500000 145.500000 23.000000 23.000000
161.500000 145.500000 23.000000 23.000000
161.500000 145.500000 23.000000 23.000000
161.500000 145.500000 23.000000 23.000000
161.500000 145.500000 23.000000 23.000000
163.500000 145.500000 19.000000 22.000000
163.500000 145.500000 19.000000 22.000000
163.500000 145.500000 19.000000 22.000000
163.500000 145.500000 19.000000 22.000000
160.500000 145.500000 20.000000 24.000000
161.500000 145.500000 21.000000 23.000000
161.500000 145.500000 21.000000 23.000000
161.500000 145.500000 21.000000 23.000000
161.500000 145.500000 21.000000 23.000000
161.500000 145.500000 21.000000 23.000000
161.500000 145.500000 21.000000 23.000000
161.500000 145.500000 21.000000 23.000000
161.500000 145.500000 21.000000 23.000000
161.500000 145.500000 21.000000 23.000000
161.500000 145.500000 21.000000 23.000000
156.500000 144.500000 17.000000 27.000000
155.500000 144.500000 17.000000 28.000000
155.500000 144.500000 17.000000 28.000000
153.500000 144.500000 16.000000 28.000000
151.500000 144.500000 18.000000 26.000000
150.500000 144.500000 19.000000 26.000000
151.500000 143.500000 17.000000 26.000000
151.500000 143.500000 17.000000 25.000000
151.500000 143.500000 17.000000 25.000000
151.500000 143.500000 17.000000 25.000000
149.500000 144.500000 18.000000 27.000000
149.500000 144.500000 18.000000 27.000000
149.500000 145.500000 19.000000 29.000000
150.500000 145.500000 19.000000 28.000000
149.500000 145.500000 21.000000 28.000000
149.500000 145.500000 21.000000 28.000000
149.500000 145.500000 21.000000 28.000000
149.500000 145.500000 21.000000 28.000000
149.500000 145.500000 21.000000 28.000000
144.500000 146.500000 20.000000 28.000000
144.500000 146.500000 20.000000 28.000000
143.500000 146.500000 19.000000 28.000000
142.500000 146.500000 18.000000 28.000000
142.500000 146.500000 16.000000 29.000000
141.500000 146.500000 17.000000 29.000000
141.500000 146.500000 17.000000 29.000000
140.500000 148.500000 16.000000 29.000000
140.500000 148.500000 16.000000 29.000000
140.500000 148.500000 16.000000 29.000000
140.500000 148.500000 16.000000 29.000000
140.500000 148.500000 16.000000 29.000000
140.500000 148.500000 16.000000 29.000000
140.500000 148.500000 16.000000 29.000000
140.500000 148.500000 16.000000 29.000000
138.500000 144.500000 16.000000 31.000000
137.500000 144.500000 17.000000 31.000000
137.500000 144.500000 17.000000 31.000000
137.500000 144.500000 17.000000 31.000000
137.500000 144.500000 17.000000 31.000000
138.500000 143.500000 15.000000 32.000000
137.500000 143.500000 16.000000 33.000000
137.500000 143.500000 16.000000 33.000000
137.500000 143.500000 16.000000 33.000000
137.500000 144.500000 16.000000 38.000000
136.500000 144.500000 17.000000 39.000000
136.500000 144.500000 17.000000 39.000000
136.500000 144.500000 17.000000 39.000000
134.500000 144.500000 19.000000 39.000000
134.500000 144.500000 19.000000 40.000000
134.500000 144.500000 19.000000 40.000000
133.500000 145.500000 17.000000 39.000000
133.500000 144.500000 16.000000 40.000000
133.500000 144.500000 15.000000 40.000000
133.500000 144.500000 15.000000 40.000000
133.500000 144.500000 15.000000 40.000000
133.500000 144.500000 15.000000 40.000000
131.500000 142.500000 15.000000 42.000000
131.500000 142.500000 15.000000 42.000000
131.500000 142.500000 15.000000 42.000000
131.500000 142.500000 15.000000 42.000000
128.500000 143.500000 17.000000 41.000000
128.500000 143.500000 17.000000 41.000000
127.500000 144.500000 17.000000 39.000000
127.500000 144.500000 17.000000 39.000000
127.500000 144.500000 17.000000 39.000000
127.500000 143.500000 16.000000 38.000000
127.500000 143.500000 15.000000 38.000000
127.500000 143.500000 15.000000 38.000000
127.500000 142.500000 15.000000 40.000000
127.500000 142.500000 15.000000 40.000000
126.500000 142.500000 15.000000 38.000000
126.500000 143.500000 16.000000 38.000000
128.500000 143.500000 15.000000 39.000000
129.500000 144.500000 17.000000 38.000000
129.500000 146.500000 17.000000 36.000000
129.500000 146.500000 17.000000 36.000000
127.500000 144.500000 20.000000 38.000000
127.500000 144.500000 20.000000 38.000000
127.500000 142.500000 20.000000 39.000000
127.500000 142.500000 20.000000 39.000000
127.500000 142.500000 20.000000 39.000000
129.500000 143.500000 18.000000 39.000000
129.500000 143.500000 18.000000 39.000000
130.500000 143.500000 17.000000 38.000000
131.500000 142.500000 16.000000 39.000000
131.500000 143.500000 16.000000 37.000000
131.500000 143.500000 16.000000 37.000000
132.500000 143.500000 15.000000 37.000000
132.500000 143.500000 15.000000 37.000000
132.500000 143.500000 15.000000 37.000000
132.500000 142.500000 15.000000 38.000000
132.500000 142.500000 15.000000 38.000000
131.500000 143.500000 16.000000 37.000000
131.500000 143.500000 16.000000 37.000000
131.500000 143.500000 16.000000 37.000000
131.500000 143.500000 16.000000 37.000000
131.500000 143.500000 16.000000 37.000000
131.500000 143.500000 16.000000 37.000000
131.500000 143.500000 15.000000 36.000000
131.500000 143.500000 15.000000 36.000000
131.500000 142.500000 13.000000 35.000000
130.500000 142.500000 14.000000 35.000000
130.500000 142.500000 14.000000 35.000000
128.500000 141.500000 14.000000 36.000000
127.500000 140.500000 15.000000 38.000000
127.500000 140.500000 15.000000 38.000000
124.500000 141.500000 16.000000 37.000000
123.500000 141.500000 16.000000 37.000000
123.500000 141.500000 16.000000 37.000000
120.500000 141.500000 19.000000 37.000000
119.500000 141.500000 19.000000 37.000000
119.500000 141.500000 19.000000 37.000000
119.500000 141.500000 19.000000 37.000000
119.500000 141.500000 19.000000 37.000000
119.500000 141.500000 19.000000 37.000000
117.500000 141.500000 20.000000 37.000000
117.500000 141.500000 19.000000 37.000000
117.500000 141.500000 19.000000 37.000000
117.500000 141.500000 14.000000 38.000000
117.500000 141.500000 14.000000 38.000000
117.500000 141.500000 14.000000 38.000000
117.500000 141.500000 14.000000 38.000000
117.500000 141.500000 14.000000 38.000000
113.500000 141.500000 15.000000 39.000000
113.500000 141.500000 15.000000 39.000000
112.500000 142.500000 16.000000 39.000000
112.500000 141.500000 16.000000 41.000000
112.500000 141.500000 16.000000 41.000000
110.500000 142.500000 15.000000 37.000000
110.500000 142.500000 15.000000 37.000000
110.500000 142.500000 15.000000 37.000000
110.500000 142.500000 14.000000 37.000000
110.500000 142.500000 14.000000 37.000000
110.500000 142.500000 14.000000 37.000000
109.500000 142.500000 14.000000 37.000000
109.500000 142.500000 14.000000 37.000000
109.500000 142.500000 13.000000 37.000000
109.500000 142.500000 13.000000 37.000000
108.500000 142.500000 14.000000 38.000000
107.500000 142.500000 15.000000 37.000000
106.500000 142.500000 16.000000 37.000000
106.500000 142.500000 16.000000 38.000000
106.500000 142.500000 16.000000 38.000000
106.500000 142.500000 16.000000 38.000000
106.500000 142.500000 15.000000 38.000000
106.500000 142.500000 15.000000 37.000000
106.500000 142.500000 15.000000 37.000000
106.500000 142.500000 15.000000 37.000000
106.500000 142.500000 15.000000 37.000000
108.500000 142.500000 13.000000 37.000000
108.500000 142.500000 13.000000 37.000000
109.500000 143.500000 11.000000 37.000000
109.500000 143.500000 12.000000 37.000000
109.500000 143.500000 12.000000 37.000000
109.500000 143.500000 12.000000 37.000000
109.500000 143.500000 12.000000 37.000000
110.500000 143.500000 11.000000 37.000000
111.500000 143.500000 11.000000 37.000000
111.500000 143.500000 12.000000 36.000000
112.500000 144.500000 12.000000 35.000000
113.500000 144.500000 12.000000 35.000000
114.500000 144.500000 11.000000 35.000000
114.500000 144.500000 12.000000 35.000000
114.500000 144.500000 12.000000 37.000000
114.500000 144.500000 12.000000 37.000000
114.500000 143.500000 13.000000 38.000000
114.500000 143.500000 13.000000 36.000000
114.500000 143.500000 13.000000 36.000000
115.500000 143.500000 13.000000 36.000000
115.500000 144.500000 13.000000 36.000000
116.500000 145.500000 13.000000 35.000000
117.500000 146.500000 13.000000 34.000000
117.500000 146.500000 14.000000 34.000000
117.500000 145.500000 14.000000 35.000000
117.500000 145.500000 14.000000 35.000000
117.500000 145.500000 14.000000 35.000000
117.500000 145.500000 14.000000 35.000000
117.500000 145.500000 15.000000 35.000000
116.500000 145.500000 16.000000 35.000000
116.500000 145.500000 16.000000 35.000000
117.500000 145.500000 15.000000 36.000000
117.500000 145.500000 16.000000 36.000000
117.500000 145.500000 16.000000 36.000000
117.500000 145.500000 16.000000 36.000000
118.500000 145.500000 16.000000 35.000000
117.500000 145.500000 16.000000 35.000000
117.500000 145.500000 16.000000 35.000000
117.500000 144.500000 16.000000 36.000000
117.500000 144.500000 16.000000 36.000000
117.500000 145.500000 16.000000 35.000000
117.500000 145.500000 16.000000 34.000000
118.500000 145.500000 15.000000 34.000000
118.500000 144.500000 15.000000 36.000000
118.500000 144.500000 16.000000 36.000000
118.500000 144.500000 15.000000 36.000000
119.500000 144.500000 15.000000 36.000000
120.500000 144.500000 14.000000 37.000000
121.500000 144.500000 14.000000 38.000000
121.500000 145.500000 14.000000 38.000000
121.500000 145.500000 14.000000 38.000000
122.500000 145.500000 13.000000 38.000000
123.500000 145.500000 13.000000 38.000000
124.500000 146.500000 12.000000 37.000000
271.500000 151.500000 13.000000 14.000000
271.500000 151.500000 13.000000 14.000000
120.500000 145.500000 13.000000 35.000000
119.500000 145.500000 14.000000 35.000000
119.500000 144.500000 12.000000 35.000000
120.500000 145.500000 11.000000 34.000000
119.500000 146.500000 12.000000 34.000000
118.500000 147.500000 13.000000 34.000000
119.500000 149.500000 13.000000 34.000000
