326.500000 129.500000 28.000000 24.000000
330.500000 129.500000 29.000000 23.000000
336.500000 128.500000 26.000000 21.000000
340.500000 127.500000 27.000000 18.000000
343.500000 127.500000 29.000000 13.000000
348.500000 127.500000 28.000000 14.000000
350.500000 127.500000 26.000000 15.000000
349.500000 126.500000 27.000000 16.000000
349.500000 127.500000 26.000000 22.000000
349.500000 129.500000 26.000000 24.000000
349.500000 136.500000 27.000000 21.000000
347.500000 141.500000 27.000000 22.000000
345.500000 145.500000 28.000000 23.000000
337.500000 143.500000 26.000000 20.000000
337.500000 140.500000 26.000000 19.000000
341.500000 141.500000 27.000000 19.000000
345.500000 140.500000 25.000000 19.000000
349.500000 137.500000 25.000000 18.000000
350.500000 133.500000 26.000000 19.000000
350.500000 131.500000 26.000000 20.000000
352.500000 132.500000 25.000000 20.000000
353.500000 133.500000 25.000000 19.000000
354.500000 133.500000 26.000000 19.000000
357.500000 132.500000 23.000000 19.000000
358.500000 132.500000 24.000000 19.000000
359.500000 131.500000 24.000000 19.000000
361.500000 131.500000 24.000000 19.000000
362.500000 130.500000 24.000000 18.000000
362.500000 130.500000 24.000000 18.000000
366.500000 130.500000 23.000000 18.000000
369.500000 130.500000 23.000000 18.000000
372.500000 131.500000 22.000000 18.000000
376.500000 135.500000 22.000000 16.000000
381.500000 136.500000 21.000000 16.000000
384.500000 138.500000 22.000000 16.000000
390.500000 139.500000 22.000000 17.000000
396.500000 139.500000 21.000000 16.000000
403.500000 138.500000 21.000000 16.000000
411.500000 137.500000 21.000000 16.000000
419.500000 138.500000 20.000000 15.000000
426.500000 139.500000 20.000000 15.000000
425.500000 138.500000 20.000000 16.000000
430.500000 138.500000 19.000000 15.000000
432.500000 137.500000 19.000000 15.000000
431.500000 136.500000 17.000000 16.000000
431.500000 134.500000 16.000000 16.000000
430.500000 132.500000 16.000000 16.000000
430.500000 132.500000 16.000000 16.000000
427.500000 133.500000 15.000000 15.000000
424.500000 134.500000 15.000000 14.000000
421.500000 133.500000 14.000000 15.000000
416.500000 133.500000 16.000000 14.000000
412.500000 134.500000 15.000000 14.000000
406.500000 134.500000 16.000000 14.000000
401.500000 134.500000 16.000000 15.000000
395.500000 135.500000 16.000000 14.000000
389.500000 135.500000 15.000000 15.000000
381.500000 137.500000 16.000000 14.000000
373.500000 139.500000 15.000000 14.000000
364.500000 140.500000 16.000000 14.000000
354.500000 138.500000 16.000000 16.000000
346.500000 138.500000 16.000000 13.000000
340.500000 135.500000 15.000000 14.000000
337.500000 133.500000 14.000000 12.000000
332.500000 131.500000 15.000000 13.000000
331.500000 132.500000 13.000000 12.000000
329.500000 131.500000 13.000000 12.000000
325.500000 130.500000 14.000000 12.000000
323.500000 131.500000 12.000000 12.000000
320.500000 132.500000 13.000000 13.000000
313.500000 136.500000 14.000000 12.000000
309.500000 139.500000 14.000000 12.000000
306.500000 141.500000 13.000000 14.000000
301.500000 142.500000 18.000000 13.000000
301.500000 144.500000 15.000000 12.000000
301.500000 147.500000 13.000000 13.000000
301.500000 152.500000 12.000000 12.000000
300.500000 157.500000 12.000000 12.000000
300.500000 161.500000 13.000000 13.000000
300.500000 165.500000 13.000000 12.000000
299.500000 168.500000 13.000000 13.000000
300.500000 172.500000 12.000000 12.000000
301.500000 175.500000 13.000000 12.000000
301.500000 179.500000 13.000000 12.000000
301.500000 183.500000 12.000000 12.000000
302.500000 187.500000 12.000000 11.000000
304.500000 191.500000 15.000000 11.000000
304.500000 193.500000 13.000000 12.000000
303.500000 196.500000 14.000000 11.000000
305.500000 201.500000 14.000000 12.000000
305.500000 205.500000 14.000000 13.000000
308.500000 206.500000 11.000000 11.000000
307.500000 208.500000 11.000000 10.000000
305.500000 209.500000 11.000000 10.000000
302.500000 210.500000 11.000000 9.000000
298.500000 211.500000 11.000000 10.000000
296.500000 214.500000 11.000000 9.000000
292.500000 213.500000 11.000000 9.000000
288.500000 213.500000 11.000000 10.000000
282.500000 214.500000 15.000000 14.000000
278.500000 214.500000 16.000000 19.000000
273.500000 215.500000 17.000000 18.000000
269.500000 214.500000 17.000000 18.000000
263.500000 214.500000 18.000000 17.000000
260.500000 214.500000 15.000000 14.000000
255.500000 215.500000 19.000000 26.000000
252.500000 216.500000 17.000000 33.000000
246.500000 216.500000 17.000000 27.000000
243.500000 217.500000 16.000000 27.000000
239.500000 218.500000 17.000000 29.000000
236.500000 218.500000 16.000000 28.000000
225.500000 214.500000 21.000000 19.000000
229.500000 217.500000 14.000000 18.000000
226.500000 222.500000 15.000000 13.000000
221.500000 222.500000 18.000000 13.000000
219.500000 221.500000 17.000000 12.000000
212.500000 219.500000 20.000000 13.000000
210.500000 218.500000 21.000000 15.000000
209.500000 218.500000 23.000000 21.000000
210.500000 219.500000 22.000000 24.000000
207.500000 220.500000 23.000000 49.000000
208.500000 216.500000 16.000000 14.000000
202.500000 219.500000 16.000000 51.000000
200.500000 219.500000 17.000000 50.000000
201.500000 219.500000 16.000000 19.000000
200.500000 220.500000 14.000000 31.000000
196.500000 220.500000 14.000000 16.000000
194.500000 221.500000 15.000000 19.000000
191.500000 220.500000 15.000000 45.000000
193.500000 218.500000 23.000000 28.000000
190.500000 218.500000 14.000000 33.000000
194.500000 218.500000 23.000000 20.000000
194.500000 216.500000 22.000000 35.000000
198.500000 211.500000 18.000000 49.000000
194.500000 212.500000 22.000000 48.000000
196.500000 211.500000 21.000000 35.000000
197.500000 211.500000 22.000000 50.000000
199.500000 210.500000 22.000000 50.000000
201.500000 211.500000 23.000000 48.000000
202.500000 212.500000 24.000000 48.000000
205.500000 211.500000 24.000000 48.000000
210.500000 211.500000 21.000000 48.000000
211.500000 212.500000 22.000000 47.000000
213.500000 213.500000 21.000000 46.000000
214.500000 211.500000 22.000000 48.000000
214.500000 211.500000 22.000000 49.000000
214.500000 212.500000 22.000000 48.000000
213.500000 213.500000 22.000000 47.000000
213.500000 215.500000 21.000000 46.000000
213.500000 216.500000 23.000000 48.000000
212.500000 215.500000 22.000000 48.000000
212.500000 215.500000 21.000000 49.000000
212.500000 215.500000 21.000000 47.000000
211.500000 216.500000 21.000000 44.000000
211.500000 215.500000 20.000000 45.000000
211.500000 215.500000 20.000000 45.000000
211.500000 215.500000 20.000000 45.000000
211.500000 215.500000 20.000000 46.000000
210.500000 215.500000 21.000000 46.000000
211.500000 213.500000 20.000000 46.000000
211.500000 212.500000 21.000000 48.000000
212.500000 211.500000 20.000000 46.000000
213.500000 210.500000 20.000000 50.000000
215.500000 208.500000 21.000000 48.000000
216.500000 207.500000 21.000000 46.000000
219.500000 207.500000 19.000000 45.000000
219.500000 205.500000 21.000000 47.000000
221.500000 204.500000 21.000000 47.000000
222.500000 204.500000 21.000000 45.000000
223.500000 204.500000 21.000000 44.000000
222.500000 204.500000 23.000000 45.000000
224.500000 207.500000 21.000000 41.000000
226.500000 209.500000 20.000000 39.000000
227.500000 208.500000 19.000000 40.000000
228.500000 208.500000 18.000000 40.000000
228.500000 209.500000 18.000000 39.000000
228.500000 209.500000 17.000000 39.000000
228.500000 210.500000 16.000000 39.000000
228.500000 210.500000 14.000000 39.000000
229.500000 210.500000 14.000000 25.000000
232.500000 209.500000 14.000000 20.000000
234.500000 209.500000 12.000000 18.000000
234.500000 209.500000 12.000000 17.000000
236.500000 212.500000 17.000000 42.000000
236.500000 211.500000 16.000000 42.000000
234.500000 209.500000 18.000000 43.000000
239.500000 209.500000 14.000000 35.000000
239.500000 209.500000 15.000000 35.000000
239.500000 210.500000 15.000000 34.000000
238.500000 210.500000 17.000000 35.000000
239.500000 210.500000 16.000000 34.000000
240.500000 209.500000 16.000000 34.000000
240.500000 210.500000 16.000000 35.000000
241.500000 211.500000 17.000000 34.000000
