185.500000 161.500000 22.000000 55.000000
188.500000 161.500000 19.000000 55.000000
189.500000 161.500000 18.000000 55.000000
189.500000 161.500000 18.000000 54.000000
189.500000 161.500000 18.000000 54.000000
188.500000 160.500000 19.000000 55.000000
186.500000 161.500000 21.000000 55.000000
186.500000 161.500000 22.000000 55.000000
184.500000 161.500000 25.000000 55.000000
184.500000 161.500000 25.000000 56.000000
183.500000 161.500000 25.000000 56.000000
184.500000 161.500000 23.000000 55.000000
184.500000 162.500000 23.000000 55.000000
184.500000 162.500000 23.000000 55.000000
185.500000 162.500000 21.000000 55.000000
186.500000 161.500000 19.000000 56.000000
185.500000 161.500000 19.000000 56.000000
185.500000 161.500000 18.000000 56.000000
183.500000 161.500000 19.000000 55.000000
181.500000 161.500000 20.000000 55.000000
179.500000 161.500000 24.000000 56.000000
177.500000 162.500000 29.000000 56.000000
176.500000 162.500000 29.000000 56.000000
174.500000 162.500000 31.000000 56.000000
173.500000 163.500000 30.000000 56.000000
174.500000 162.500000 29.000000 56.000000
175.500000 162.500000 27.000000 56.000000
178.500000 162.500000 24.000000 56.000000
183.500000 161.500000 19.000000 57.000000
183.500000 162.500000 20.000000 56.000000
186.500000 162.500000 19.000000 56.000000
189.500000 162.500000 17.000000 56.000000
189.500000 161.500000 20.000000 57.000000
188.500000 161.500000 22.000000 55.000000
188.500000 161.500000 25.000000 56.000000
187.500000 162.500000 29.000000 54.000000
192.500000 161.500000 31.000000 56.000000
193.500000 162.500000 30.000000 56.000000
192.500000 162.500000 32.000000 56.000000
193.500000 162.500000 30.000000 57.000000
194.500000 162.500000 28.000000 57.000000
196.500000 163.500000 24.000000 57.000000
205.500000 163.500000 15.000000 56.000000
203.500000 162.500000 17.000000 57.000000
203.500000 162.500000 17.000000 57.000000
203.500000 162.500000 17.000000 58.000000
201.500000 162.500000 19.000000 57.000000
200.500000 162.500000 20.000000 57.000000
199.500000 163.500000 23.000000 56.000000
197.500000 163.500000 27.000000 56.000000
196.500000 164.500000 29.000000 56.000000
195.500000 164.500000 30.000000 56.000000
195.500000 165.500000 29.000000 55.000000
195.500000 165.500000 29.000000 55.000000
196.500000 165.500000 27.000000 56.000000
199.500000 166.500000 23.000000 54.000000
201.500000 166.500000 22.000000 54.000000
203.500000 166.500000 20.000000 54.000000
206.500000 165.500000 18.000000 55.000000
207.500000 165.500000 17.000000 55.000000
206.500000 166.500000 19.000000 54.000000
207.500000 165.500000 22.000000 55.000000
206.500000 166.500000 26.000000 54.000000
206.500000 166.500000 27.000000 54.000000
204.500000 166.500000 30.000000 54.000000
204.500000 166.500000 29.000000 54.000000
202.500000 167.500000 31.000000 53.000000
202.500000 166.500000 31.000000 54.000000
205.500000 165.500000 26.000000 55.000000
207.500000 163.500000 26.000000 57.000000
210.500000 165.500000 22.000000 55.000000
215.500000 162.500000 17.000000 57.000000
215.500000 161.500000 17.000000 58.000000
215.500000 160.500000 19.000000 59.000000
215.500000 161.500000 18.000000 57.000000
214.500000 161.500000 19.000000 57.000000
212.500000 162.500000 21.000000 55.000000
210.500000 163.500000 23.000000 54.000000
209.500000 164.500000 24.000000 53.000000
209.500000 163.500000 24.000000 54.000000
209.500000 163.500000 24.000000 54.000000
211.500000 163.500000 23.000000 53.000000
213.500000 166.500000 22.000000 50.000000
216.500000 166.500000 19.000000 50.000000
217.500000 162.500000 19.000000 55.000000
218.500000 161.500000 19.000000 56.000000
218.500000 161.500000 20.000000 55.000000
217.500000 161.500000 26.000000 54.000000
217.500000 161.500000 27.000000 54.000000
217.500000 161.500000 30.000000 55.000000
218.500000 161.500000 30.000000 55.000000
219.500000 161.500000 30.000000 56.000000
217.500000 162.500000 30.000000 55.000000
216.500000 162.500000 30.000000 55.000000
218.500000 161.500000 25.000000 55.000000
215.500000 161.500000 25.000000 54.000000
217.500000 161.500000 22.000000 54.000000
218.500000 160.500000 20.000000 55.000000
220.500000 160.500000 17.000000 56.000000
218.500000 160.500000 18.000000 55.000000
216.500000 160.500000 19.000000 55.000000
214.500000 160.500000 19.000000 55.000000
212.500000 160.500000 22.000000 56.000000
210.500000 161.500000 25.000000 55.000000
208.500000 161.500000 27.000000 55.000000
206.500000 161.500000 28.000000 55.000000
206.500000 161.500000 25.000000 54.000000
206.500000 160.500000 25.000000 54.000000
207.500000 160.500000 23.000000 54.000000
207.500000 160.500000 23.000000 54.000000
207.500000 160.500000 23.000000 54.000000
207.500000 160.500000 23.000000 54.000000
207.500000 160.500000 20.000000 55.000000
206.500000 161.500000 21.000000 55.000000
204.500000 161.500000 22.000000 55.000000
204.500000 161.500000 22.000000 55.000000
204.500000 161.500000 22.000000 55.000000
204.500000 161.500000 22.000000 55.000000
204.500000 161.500000 22.000000 55.000000
192.500000 161.500000 31.000000 55.000000
192.500000 161.500000 31.000000 55.000000
191.500000 162.500000 28.000000 54.000000
191.500000 162.500000 28.000000 54.000000
195.500000 159.500000 21.000000 56.000000
196.500000 158.500000 20.000000 56.000000
196.500000 158.500000 20.000000 56.000000
196.500000 157.500000 17.000000 56.000000
195.500000 157.500000 19.000000 56.000000
194.500000 157.500000 21.000000 57.000000
193.500000 158.500000 23.000000 56.000000
194.500000 158.500000 25.000000 56.000000
192.500000 158.500000 30.000000 55.000000
192.500000 158.500000 30.000000 55.000000
192.500000 158.500000 30.000000 55.000000
192.500000 158.500000 30.000000 55.000000
188.500000 157.500000 30.000000 54.000000
189.500000 156.500000 27.000000 55.000000
190.500000 154.500000 25.000000 56.000000
190.500000 154.500000 25.000000 56.000000
191.500000 153.500000 21.000000 56.000000
190.500000 153.500000 22.000000 56.000000
194.500000 153.500000 18.000000 57.000000
193.500000 154.500000 19.000000 56.000000
193.500000 154.500000 21.000000 55.000000
193.500000 154.500000 21.000000 55.000000
193.500000 154.500000 21.000000 55.000000
192.500000 156.500000 26.000000 56.000000
191.500000 157.500000 26.000000 56.000000
191.500000 157.500000 26.000000 56.000000
191.500000 157.500000 26.000000 56.000000
192.500000 158.500000 20.000000 55.000000
192.500000 158.500000 20.000000 55.000000
196.500000 158.500000 15.000000 56.000000
196.500000 158.500000 15.000000 56.000000
196.500000 158.500000 15.000000 56.000000
196.500000 158.500000 15.000000 56.000000
196.500000 158.500000 15.000000 56.000000
196.500000 158.500000 15.000000 56.000000
188.500000 160.500000 24.000000 56.000000
186.500000 160.500000 25.000000 56.000000
186.500000 160.500000 25.000000 56.000000
184.500000 159.500000 23.000000 56.000000
183.500000 159.500000 23.000000 56.000000
183.500000 159.500000 23.000000 56.000000
182.500000 159.500000 22.000000 55.000000
182.500000 160.500000 21.000000 54.000000
182.500000 160.500000 21.000000 54.000000
182.500000 160.500000 21.000000 54.000000
178.500000 160.500000 22.000000 54.000000
178.500000 160.500000 21.000000 54.000000
178.500000 160.500000 21.000000 54.000000
178.500000 160.500000 21.000000 54.000000
177.500000 160.500000 19.000000 54.000000
176.500000 160.500000 19.000000 55.000000
175.500000 160.500000 19.000000 55.000000
175.500000 160.500000 17.000000 55.000000
175.500000 160.500000 17.000000 55.000000
175.500000 160.500000 17.000000 55.000000
175.500000 160.500000 17.000000 55.000000
169.500000 160.500000 20.000000 58.000000
169.500000 160.500000 20.000000 58.000000
168.500000 160.500000 21.000000 58.000000
168.500000 160.500000 21.000000 58.000000
168.500000 160.500000 21.000000 58.000000
168.500000 160.500000 21.000000 58.000000
168.500000 160.500000 20.000000 57.000000
168.500000 160.500000 20.000000 57.000000
170.500000 160.500000 18.000000 56.000000
170.500000 160.500000 18.000000 56.000000
170.500000 160.500000 18.000000 56.000000
170.500000 160.500000 18.000000 56.000000
173.500000 160.500000 19.000000 56.000000
173.500000 160.500000 19.000000 56.000000
174.500000 161.500000 20.000000 55.000000
175.500000 161.500000 21.000000 55.000000
175.500000 161.500000 23.000000 55.000000
175.500000 161.500000 25.000000 55.000000
176.500000 161.500000 26.000000 55.000000
177.500000 161.500000 26.000000 55.000000
178.500000 160.500000 27.000000 56.000000
180.500000 160.500000 26.000000 56.000000
182.500000 160.500000 24.000000 56.000000
183.500000 160.500000 23.000000 56.000000
183.500000 160.500000 23.000000 56.000000
184.500000 160.500000 21.000000 56.000000
184.500000 160.500000 21.000000 56.000000
184.500000 160.500000 21.000000 56.000000
185.500000 160.500000 18.000000 56.000000
185.500000 160.500000 18.000000 56.000000
185.500000 161.500000 20.000000 55.000000
185.500000 161.500000 20.000000 55.000000
182.500000 160.500000 23.000000 57.000000
182.500000 161.500000 24.000000 56.000000
182.500000 161.500000 24.000000 56.000000
183.500000 161.500000 24.000000 56.000000
183.500000 161.500000 24.000000 56.000000
183.500000 161.500000 24.000000 56.000000
186.500000 160.500000 21.000000 57.000000
186.500000 160.500000 21.000000 57.000000
186.500000 160.500000 21.000000 57.000000
186.500000 160.500000 21.000000 57.000000
186.500000 160.500000 21.000000 57.000000
187.500000 159.500000 19.000000 57.000000
188.500000 159.500000 18.000000 57.000000
188.500000 159.500000 18.000000 57.000000
188.500000 159.500000 18.000000 57.000000
188.500000 159.500000 18.000000 57.000000
191.500000 159.500000 18.000000 57.000000
191.500000 159.500000 19.000000 57.000000
192.500000 159.500000 19.000000 57.000000
192.500000 159.500000 19.000000 57.000000
192.500000 159.500000 19.000000 57.000000
193.500000 159.500000 19.000000 56.000000
193.500000 159.500000 19.000000 56.000000
193.500000 159.500000 19.000000 56.000000
195.500000 159.500000 19.000000 56.000000
195.500000 159.500000 19.000000 56.000000
195.500000 159.500000 19.000000 56.000000
195.500000 159.500000 19.000000 56.000000
197.500000 155.500000 18.000000 57.000000
197.500000 155.500000 18.000000 56.000000
197.500000 155.500000 18.000000 56.000000
197.500000 155.500000 18.000000 56.000000
197.500000 155.500000 18.000000 56.000000
197.500000 155.500000 18.000000 56.000000
197.500000 155.500000 18.000000 56.000000
197.500000 155.500000 18.000000 56.000000
197.500000 155.500000 18.000000 56.000000
199.500000 150.500000 18.000000 56.000000
199.500000 150.500000 18.000000 56.000000
199.500000 150.500000 18.000000 56.000000
199.500000 150.500000 18.000000 56.000000
199.500000 150.500000 18.000000 56.000000
199.500000 150.500000 18.000000 56.000000
199.500000 150.500000 18.000000 56.000000
198.500000 153.500000 17.000000 52.000000
198.500000 153.500000 17.000000 52.000000
195.500000 153.500000 18.000000 53.000000
195.500000 153.500000 18.000000 53.000000
192.500000 153.500000 18.000000 52.000000
192.500000 153.500000 18.000000 52.000000
191.500000 152.500000 17.000000 53.000000
189.500000 152.500000 18.000000 53.000000
189.500000 152.500000 18.000000 53.000000
188.500000 154.500000 17.000000 52.000000
187.500000 153.500000 17.000000 53.000000
187.500000 153.500000 17.000000 53.000000
186.500000 152.500000 17.000000 53.000000
185.500000 152.500000 18.000000 53.000000
184.500000 152.500000 19.000000 53.000000
184.500000 152.500000 19.000000 53.000000
181.500000 151.500000 21.000000 54.000000
180.500000 151.500000 21.000000 53.000000
180.500000 151.500000 21.000000 53.000000
180.500000 151.500000 21.000000 53.000000
180.500000 151.500000 21.000000 53.000000
180.500000 151.500000 21.000000 53.000000
174.500000 150.500000 25.000000 54.000000
172.500000 150.500000 25.000000 54.000000
172.500000 150.500000 25.000000 54.000000
170.500000 151.500000 27.000000 53.000000
170.500000 151.500000 27.000000 53.000000
170.500000 151.500000 27.000000 53.000000
170.500000 151.500000 24.000000 53.000000
170.500000 151.500000 24.000000 53.000000
171.500000 152.500000 21.000000 52.000000
171.500000 152.500000 21.000000 52.000000
171.500000 152.500000 21.000000 52.000000
171.500000 152.500000 21.000000 52.000000
171.500000 152.500000 21.000000 52.000000
175.500000 152.500000 17.000000 51.000000
175.500000 152.500000 17.000000 51.000000
175.500000 152.500000 18.000000 51.000000
175.500000 152.500000 18.000000 51.000000
175.500000 152.500000 18.000000 51.000000
175.500000 152.500000 18.000000 51.000000
175.500000 152.500000 18.000000 51.000000
174.500000 151.500000 22.000000 52.000000
174.500000 151.500000 22.000000 52.000000
176.500000 152.500000 21.000000 52.000000
178.500000 152.500000 19.000000 52.000000
179.500000 152.500000 19.000000 52.000000
181.500000 153.500000 18.000000 52.000000
181.500000 153.500000 18.000000 52.000000
185.500000 152.500000 15.000000 53.000000
185.500000 152.500000 15.000000 53.000000
185.500000 152.500000 15.000000 53.000000
187.500000 153.500000 17.000000 51.000000
185.500000 153.500000 20.000000 52.000000
185.500000 153.500000 22.000000 53.000000
186.500000 153.500000 23.000000 53.000000
186.500000 153.500000 23.000000 53.000000
186.500000 153.500000 23.000000 53.000000
186.500000 156.500000 25.000000 50.000000
186.500000 156.500000 25.000000 50.000000
188.500000 156.500000 23.000000 49.000000
188.500000 156.500000 23.000000 49.000000
195.500000 156.500000 17.000000 49.000000
196.500000 156.500000 16.000000 46.000000
196.500000 156.500000 16.000000 46.000000
196.500000 156.500000 16.000000 46.000000
182.500000 150.500000 30.000000 44.000000
182.500000 150.500000 30.000000 44.000000
193.500000 150.500000 21.000000 44.000000
198.500000 150.500000 20.000000 44.000000
199.500000 150.500000 23.000000 44.000000
199.500000 150.500000 28.000000 44.000000
199.500000 150.500000 28.000000 44.000000
201.500000 152.500000 36.000000 43.000000
222.500000 157.500000 21.000000 38.000000
222.500000 157.500000 21.000000 38.000000
222.500000 157.500000 21.000000 38.000000
198.500000 152.500000 60.000000 54.000000
198.500000 152.500000 60.000000 54.000000
198.500000 151.500000 69.000000 56.000000
199.500000 151.500000 73.000000 56.000000
200.500000 151.500000 75.000000 56.000000
200.500000 150.500000 79.000000 56.000000
200.500000 150.500000 79.000000 56.000000
200.500000 150.500000 79.000000 56.000000
200.500000 150.500000 79.000000 56.000000
200.500000 150.500000 79.000000 56.000000
200.500000 150.500000 79.000000 56.000000
200.500000 150.500000 79.000000 56.000000
200.500000 150.500000 79.000000 56.000000
185.500000 156.500000 113.000000 55.000000
183.500000 156.500000 117.000000 55.000000
183.500000 156.500000 117.000000 55.000000
183.500000 156.500000 117.000000 55.000000
179.500000 154.500000 128.000000 54.000000
179.500000 153.500000 131.000000 55.000000
180.500000 153.500000 133.000000 55.000000
180.500000 153.500000 133.000000 55.000000
181.500000 154.500000 140.000000 55.000000
180.500000 154.500000 144.000000 55.000000
180.500000 154.500000 144.000000 55.000000
180.500000 154.500000 151.000000 54.000000
180.500000 154.500000 151.000000 54.000000
180.500000 154.500000 151.000000 54.000000
180.500000 154.500000 151.000000 54.000000
177.500000 152.500000 27.000000 55.000000
177.500000 152.500000 27.000000 55.000000
177.500000 152.500000 27.000000 55.000000
174.500000 150.500000 26.000000 54.000000
175.500000 159.500000 24.000000 42.000000
176.500000 157.500000 22.000000 43.000000
176.500000 156.500000 20.000000 44.000000
177.500000 155.500000 19.000000 45.000000
177.500000 153.500000 18.000000 46.000000
174.500000 149.500000 22.000000 50.000000
176.500000 149.500000 18.000000 50.000000
176.500000 149.500000 18.000000 50.000000
176.500000 153.500000 17.000000 45.000000
175.500000 152.500000 19.000000 46.000000
176.500000 153.500000 17.000000 44.000000
175.500000 153.500000 17.000000 44.000000
174.500000 152.500000 17.000000 45.000000
172.500000 150.500000 19.000000 46.000000
172.500000 148.500000 19.000000 48.000000
171.500000 148.500000 21.000000 49.000000
171.500000 148.500000 19.000000 48.000000
171.500000 146.500000 19.000000 50.000000
170.500000 145.500000 19.000000 50.000000
170.500000 145.500000 18.000000 50.000000
170.500000 145.500000 17.000000 50.000000
169.500000 146.500000 18.000000 50.000000
169.500000 147.500000 18.000000 49.000000
167.500000 147.500000 21.000000 50.000000
166.500000 148.500000 23.000000 49.000000
165.500000 148.500000 24.000000 49.000000
164.500000 148.500000 25.000000 50.000000
163.500000 148.500000 24.000000 51.000000
164.500000 149.500000 23.000000 50.000000
164.500000 149.500000 22.000000 50.000000
164.500000 149.500000 21.000000 51.000000
169.500000 149.500000 16.000000 51.000000
170.500000 149.500000 15.000000 50.000000
170.500000 149.500000 15.000000 50.000000
170.500000 148.500000 16.000000 51.000000
171.500000 148.500000 16.000000 51.000000
171.500000 147.500000 15.000000 51.000000
172.500000 148.500000 14.000000 50.000000
172.500000 148.500000 16.000000 50.000000
173.500000 148.500000 15.000000 49.000000
172.500000 148.500000 17.000000 49.000000
172.500000 148.500000 17.000000 49.000000
170.500000 148.500000 19.000000 49.000000
172.500000 148.500000 16.000000 48.000000
172.500000 148.500000 17.000000 47.000000
171.500000 147.500000 17.000000 48.000000
171.500000 146.500000 16.000000 48.000000
170.500000 146.500000 16.000000 49.000000
169.500000 146.500000 18.000000 49.000000
169.500000 147.500000 16.000000 49.000000
167.500000 148.500000 18.000000 49.000000
165.500000 149.500000 20.000000 48.000000
164.500000 150.500000 21.000000 47.000000
165.500000 150.500000 19.000000 47.000000
162.500000 150.500000 21.000000 49.000000
163.500000 150.500000 19.000000 49.000000
163.500000 151.500000 17.000000 48.000000
163.500000 151.500000 16.000000 48.000000
165.500000 150.500000 14.000000 49.000000
165.500000 151.500000 15.000000 49.000000
165.500000 151.500000 16.000000 49.000000
166.500000 151.500000 16.000000 49.000000
166.500000 151.500000 17.000000 49.000000
167.500000 152.500000 17.000000 48.000000
