148.500000 272.500000 77.000000 55.000000
149.500000 268.500000 76.000000 56.000000
151.500000 267.500000 75.000000 54.000000
154.500000 265.500000 73.000000 53.000000
156.500000 263.500000 72.000000 53.000000
158.500000 260.500000 71.000000 54.000000
160.500000 258.500000 70.000000 53.000000
161.500000 256.500000 69.000000 51.000000
163.500000 254.500000 67.000000 51.000000
164.500000 252.500000 67.000000 50.000000
165.500000 250.500000 66.000000 50.000000
166.500000 250.500000 65.000000 49.000000
167.500000 250.500000 63.000000 49.000000
167.500000 249.500000 62.000000 49.000000
167.500000 250.500000 61.000000 47.000000
167.500000 249.500000 60.000000 47.000000
167.500000 248.500000 58.000000 47.000000
167.500000 247.500000 58.000000 47.000000
167.500000 247.500000 56.000000 47.000000
167.500000 247.500000 55.000000 46.000000
167.500000 247.500000 55.000000 45.000000
167.500000 247.500000 54.000000 45.000000
168.500000 247.500000 52.000000 45.000000
169.500000 246.500000 51.000000 45.000000
170.500000 247.500000 51.000000 43.000000
171.500000 246.500000 50.000000 43.000000
173.500000 247.500000 49.000000 41.000000
174.500000 246.500000 49.000000 40.000000
176.500000 245.500000 49.000000 40.000000
177.500000 243.500000 49.000000 41.000000
178.500000 242.500000 48.000000 42.000000
178.500000 242.500000 48.000000 42.000000
178.500000 242.500000 47.000000 41.000000
178.500000 242.500000 46.000000 40.000000
178.500000 242.500000 45.000000 40.000000
178.500000 243.500000 44.000000 39.000000
176.500000 243.500000 45.000000 39.000000
177.500000 243.500000 42.000000 37.000000
175.500000 241.500000 43.000000 38.000000
175.500000 235.500000 39.000000 43.000000
174.500000 234.500000 32.000000 42.000000
174.500000 236.500000 42.000000 39.000000
175.500000 236.500000 38.000000 27.000000
175.500000 235.500000 35.000000 26.000000
175.500000 235.500000 30.000000 24.000000
175.500000 235.500000 40.000000 23.000000
184.500000 236.500000 30.000000 20.000000
180.500000 235.500000 34.000000 22.000000
176.500000 232.500000 38.000000 23.000000
176.500000 232.500000 38.000000 23.000000
189.500000 233.500000 25.000000 23.000000
183.500000 239.500000 29.000000 16.000000
179.500000 235.500000 33.000000 19.000000
177.500000 234.500000 34.000000 22.000000
175.500000 233.500000 36.000000 24.000000
176.500000 232.500000 35.000000 24.000000
177.500000 233.500000 35.000000 24.000000
176.500000 233.500000 35.000000 25.000000
177.500000 234.500000 34.000000 27.000000
178.500000 236.500000 34.000000 27.000000
178.500000 238.500000 33.000000 27.000000
180.500000 239.500000 31.000000 27.000000
179.500000 241.500000 32.000000 28.000000
180.500000 242.500000 32.000000 30.000000
181.500000 243.500000 31.000000 31.000000
182.500000 243.500000 31.000000 32.000000
182.500000 244.500000 32.000000 31.000000
183.500000 245.500000 31.000000 30.000000
185.500000 244.500000 30.000000 31.000000
186.500000 244.500000 30.000000 30.000000
189.500000 245.500000 29.000000 29.000000
191.500000 243.500000 29.000000 29.000000
194.500000 241.500000 28.000000 30.000000
197.500000 241.500000 28.000000 29.000000
199.500000 240.500000 28.000000 29.000000
206.500000 242.500000 25.000000 28.000000
206.500000 242.500000 25.000000 28.000000
209.500000 240.500000 25.000000 29.000000
209.500000 240.500000 25.000000 29.000000
209.500000 236.500000 25.000000 31.000000
209.500000 236.500000 25.000000 31.000000
209.500000 236.500000 25.000000 31.000000
209.500000 236.500000 25.000000 31.000000
209.500000 236.500000 25.000000 31.000000
209.500000 236.500000 25.000000 31.000000
209.500000 233.500000 24.000000 31.000000
209.500000 233.500000 24.000000 31.000000
209.500000 233.500000 24.000000 31.000000
209.500000 233.500000 24.000000 31.000000
204.500000 233.500000 24.000000 24.000000
204.500000 233.500000 24.000000 24.000000
204.500000 233.500000 24.000000 24.000000
204.500000 233.500000 24.000000 24.000000
204.500000 233.500000 24.000000 24.000000
204.500000 233.500000 24.000000 24.000000
204.500000 233.500000 24.000000 24.000000
204.500000 233.500000 24.000000 24.000000
204.500000 233.500000 24.000000 24.000000
204.500000 233.500000 24.000000 24.000000
204.500000 233.500000 24.000000 24.000000
204.500000 233.500000 24.000000 24.000000
204.500000 233.500000 24.000000 24.000000
204.500000 233.500000 24.000000 24.000000
201.500000 236.500000 19.000000 23.000000
201.500000 236.500000 19.000000 23.000000
201.500000 236.500000 19.000000 23.000000
201.500000 236.500000 19.000000 23.000000
211.500000 243.500000 24.000000 50.000000
213.500000 245.500000 23.000000 49.000000
213.500000 244.500000 23.000000 50.000000
213.500000 243.500000 24.000000 51.000000
213.500000 243.500000 24.000000 51.000000
213.500000 242.500000 23.000000 52.000000
213.500000 245.500000 23.000000 50.000000
213.500000 245.500000 23.000000 50.000000
211.500000 246.500000 26.000000 52.000000
211.500000 246.500000 26.000000 52.000000
211.500000 246.500000 26.000000 52.000000
206.500000 246.500000 35.000000 50.000000
206.500000 247.500000 35.000000 47.000000
206.500000 247.500000 35.000000 47.000000
204.500000 244.500000 26.000000 40.000000
204.500000 244.500000 26.000000 40.000000
204.500000 244.500000 26.000000 40.000000
197.500000 241.500000 47.000000 50.000000
197.500000 241.500000 47.000000 50.000000
195.500000 240.500000 51.000000 48.000000
195.500000 240.500000 51.000000 48.000000
195.500000 240.500000 51.000000 48.000000
195.500000 240.500000 51.000000 48.000000
190.500000 239.500000 28.000000 47.000000
190.500000 239.500000 28.000000 47.000000
190.500000 239.500000 28.000000 47.000000
183.500000 216.500000 33.000000 77.000000
180.500000 212.500000 36.000000 82.000000
179.500000 212.500000 35.000000 82.000000
176.500000 212.500000 36.000000 83.000000
173.500000 212.500000 38.000000 84.000000
173.500000 212.500000 38.000000 84.000000
166.500000 212.500000 39.000000 87.000000
164.500000 212.500000 37.000000 87.000000
164.500000 212.500000 37.000000 87.000000
155.500000 212.500000 40.000000 90.000000
153.500000 212.500000 41.000000 90.000000
150.500000 212.500000 42.000000 91.000000
147.500000 211.500000 42.000000 92.000000
147.500000 211.500000 42.000000 92.000000
147.500000 211.500000 42.000000 92.000000
139.500000 210.500000 43.000000 95.000000
139.500000 210.500000 43.000000 95.000000
133.500000 211.500000 46.000000 96.000000
130.500000 212.500000 45.000000 95.000000
130.500000 212.500000 45.000000 95.000000
130.500000 212.500000 45.000000 95.000000
120.500000 209.500000 48.000000 103.000000
120.500000 209.500000 48.000000 103.000000
120.500000 209.500000 48.000000 103.000000
105.500000 242.500000 52.000000 73.000000
100.500000 209.500000 53.000000 107.000000
100.500000 209.500000 53.000000 107.000000
89.500000 207.500000 68.000000 111.000000
89.500000 207.500000 68.000000 111.000000
78.500000 209.500000 60.000000 112.000000
78.500000 209.500000 60.000000 112.000000
66.500000 244.500000 64.000000 79.000000
66.500000 244.500000 64.000000 79.000000
66.500000 244.500000 64.000000 79.000000
46.500000 207.500000 67.000000 120.000000
46.500000 207.500000 67.000000 120.000000
46.500000 207.500000 67.000000 120.000000
21.500000 207.500000 73.000000 125.000000
13.500000 206.500000 75.000000 127.000000
13.500000 206.500000 75.000000 127.000000
-1.500000 203.500000 75.000000 133.000000
-1.500000 203.500000 75.000000 133.000000
-1.500000 203.500000 75.000000 133.000000
-1.500000 199.500000 52.000000 126.000000
-1.500000 199.500000 44.000000 128.000000
-1.500000 199.500000 44.000000 128.000000
-1.500000 242.500000 30.000000 86.000000
-1.500000 242.500000 30.000000 86.000000
-1.500000 242.500000 30.000000 86.000000
-1.500000 242.500000 30.000000 86.000000
-1.500000 242.500000 30.000000 86.000000
-1.500000 242.500000 30.000000 86.000000
-1.500000 242.500000 30.000000 86.000000
-1.500000 242.500000 30.000000 86.000000
-1.500000 242.500000 30.000000 86.000000
-1.500000 242.500000 30.000000 86.000000
-1.500000 242.500000 30.000000 86.000000
-1.500000 242.500000 30.000000 86.000000
-1.500000 242.500000 30.000000 86.000000
-1.500000 242.500000 30.000000 86.000000
-1.500000 242.500000 30.000000 86.000000
-1.500000 242.500000 30.000000 86.000000
-1.500000 242.500000 30.000000 86.000000
-1.500000 242.500000 30.000000 86.000000
-1.500000 242.500000 30.000000 86.000000
-1.500000 242.500000 30.000000 86.000000
-1.500000 242.500000 30.000000 86.000000
-1.500000 242.500000 30.000000 86.000000
-1.500000 242.500000 30.000000 86.000000
-1.500000 242.500000 30.000000 86.000000
-1.500000 242.500000 30.000000 86.000000
-1.500000 242.500000 30.000000 86.000000
-1.500000 242.500000 30.000000 86.000000
-1.500000 250.500000 33.000000 58.000000
228.500000 236.500000 19.000000 25.000000
228.500000 235.500000 20.000000 25.000000
229.500000 235.500000 19.000000 24.000000
230.500000 235.500000 19.000000 24.000000
229.500000 233.500000 20.000000 26.000000
229.500000 233.500000 19.000000 25.000000
228.500000 234.500000 20.000000 25.000000
228.500000 235.500000 20.000000 24.000000
228.500000 235.500000 20.000000 24.000000
229.500000 238.500000 18.000000 21.000000
229.500000 238.500000 19.000000 22.000000
229.500000 238.500000 18.000000 21.000000
229.500000 240.500000 18.000000 22.000000
