629.500000 166.500000 38.000000 91.000000
628.500000 165.500000 39.000000 91.000000
627.500000 164.500000 39.000000 89.000000
627.500000 164.500000 39.000000 88.000000
627.500000 163.500000 39.000000 88.000000
627.500000 163.500000 39.000000 87.000000
627.500000 162.500000 39.000000 88.000000
627.500000 162.500000 39.000000 88.000000
628.500000 162.500000 38.000000 88.000000
628.500000 161.500000 38.000000 89.000000
629.500000 161.500000 37.000000 88.000000
629.500000 161.500000 37.000000 87.000000
628.500000 160.500000 38.000000 87.000000
627.500000 160.500000 39.000000 86.000000
628.500000 160.500000 37.000000 86.000000
627.500000 159.500000 38.000000 87.000000
627.500000 159.500000 38.000000 87.000000
622.500000 158.500000 42.000000 87.000000
620.500000 158.500000 43.000000 87.000000
620.500000 158.500000 42.000000 87.000000
619.500000 157.500000 42.000000 88.000000
618.500000 157.500000 42.000000 88.000000
618.500000 156.500000 40.000000 89.000000
617.500000 156.500000 40.000000 88.000000
617.500000 155.500000 39.000000 89.000000
617.500000 155.500000 38.000000 87.000000
616.500000 154.500000 38.000000 87.000000
614.500000 153.500000 39.000000 86.000000
612.500000 153.500000 41.000000 85.000000
613.500000 152.500000 39.000000 85.000000
612.500000 152.500000 39.000000 85.000000
612.500000 152.500000 39.000000 85.000000
612.500000 152.500000 39.000000 85.000000
612.500000 152.500000 39.000000 85.000000
612.500000 152.500000 38.000000 85.000000
612.500000 151.500000 38.000000 86.000000
612.500000 151.500000 38.000000 86.000000
612.500000 151.500000 37.000000 84.000000
612.500000 151.500000 37.000000 83.000000
611.500000 150.500000 38.000000 83.000000
612.500000 150.500000 37.000000 81.000000
612.500000 149.500000 37.000000 81.000000
612.500000 149.500000 37.000000 81.000000
612.500000 149.500000 37.000000 80.000000
611.500000 148.500000 38.000000 81.000000
610.500000 148.500000 40.000000 81.000000
609.500000 148.500000 40.000000 81.000000
609.500000 148.500000 40.000000 81.000000
609.500000 148.500000 40.000000 81.000000
610.500000 147.500000 39.000000 82.000000
610.500000 147.500000 39.000000 81.000000
610.500000 147.500000 38.000000 81.000000
609.500000 146.500000 39.000000 80.000000
609.500000 145.500000 39.000000 79.000000
609.500000 145.500000 39.000000 78.000000
610.500000 145.500000 38.000000 77.000000
611.500000 145.500000 37.000000 77.000000
610.500000 144.500000 38.000000 77.000000
610.500000 144.500000 38.000000 77.000000
610.500000 144.500000 39.000000 76.000000
610.500000 144.500000 39.000000 77.000000
610.500000 144.500000 39.000000 77.000000
610.500000 145.500000 40.000000 75.000000
611.500000 145.500000 41.000000 74.000000
612.500000 145.500000 40.000000 74.000000
614.500000 145.500000 38.000000 74.000000
615.500000 145.500000 38.000000 73.000000
618.500000 144.500000 36.000000 74.000000
619.500000 144.500000 36.000000 74.000000
620.500000 144.500000 36.000000 74.000000
620.500000 144.500000 37.000000 74.000000
620.500000 144.500000 38.000000 74.000000
621.500000 145.500000 39.000000 72.000000
621.500000 145.500000 39.000000 72.000000
622.500000 145.500000 38.000000 72.000000
622.500000 146.500000 38.000000 71.000000
622.500000 146.500000 38.000000 70.000000
622.500000 148.500000 38.000000 66.000000
622.500000 148.500000 39.000000 65.000000
622.500000 148.500000 39.000000 66.000000
623.500000 149.500000 39.000000 66.000000
623.500000 149.500000 40.000000 66.000000
624.500000 149.500000 40.000000 66.000000
624.500000 150.500000 41.000000 64.000000
625.500000 150.500000 41.000000 64.000000
625.500000 150.500000 41.000000 64.000000
626.500000 150.500000 41.000000 63.000000
627.500000 151.500000 41.000000 62.000000
628.500000 151.500000 40.000000 62.000000
628.500000 151.500000 40.000000 61.000000
628.500000 151.500000 41.000000 60.000000
629.500000 151.500000 40.000000 60.000000
630.500000 151.500000 40.000000 60.000000
630.500000 151.500000 40.000000 60.000000
630.500000 150.500000 40.000000 60.000000
631.500000 150.500000 39.000000 60.000000
632.500000 149.500000 38.000000 61.000000
632.500000 148.500000 39.000000 62.000000
633.500000 147.500000 38.000000 63.000000
633.500000 147.500000 38.000000 62.000000
634.500000 146.500000 37.000000 62.000000
634.500000 146.500000 38.000000 62.000000
634.500000 146.500000 38.000000 60.000000
635.500000 145.500000 38.000000 61.000000
635.500000 145.500000 39.000000 61.000000
636.500000 145.500000 38.000000 61.000000
636.500000 144.500000 39.000000 62.000000
638.500000 144.500000 38.000000 61.000000
638.500000 143.500000 39.000000 61.000000
639.500000 142.500000 38.000000 61.000000
640.500000 142.500000 38.000000 60.000000
640.500000 142.500000 38.000000 61.000000
642.500000 141.500000 37.000000 60.000000
642.500000 141.500000 37.000000 61.000000
643.500000 140.500000 36.000000 62.000000
643.500000 140.500000 36.000000 62.000000
643.500000 140.500000 35.000000 61.000000
641.500000 142.500000 36.000000 62.000000
642.500000 141.500000 34.000000 63.000000
642.500000 140.500000 34.000000 64.000000
642.500000 140.500000 34.000000 63.000000
643.500000 139.500000 33.000000 64.000000
643.500000 139.500000 33.000000 64.000000
643.500000 138.500000 34.000000 62.000000
643.500000 138.500000 34.000000 62.000000
643.500000 137.500000 34.000000 62.000000
643.500000 136.500000 34.000000 62.000000
643.500000 136.500000 35.000000 62.000000
644.500000 134.500000 34.000000 64.000000
644.500000 134.500000 34.000000 64.000000
644.500000 133.500000 34.000000 65.000000
645.500000 133.500000 33.000000 64.000000
645.500000 132.500000 34.000000 64.000000
645.500000 131.500000 33.000000 63.000000
646.500000 131.500000 31.000000 62.000000
646.500000 130.500000 31.000000 63.000000
646.500000 130.500000 32.000000 64.000000
646.500000 129.500000 32.000000 64.000000
646.500000 128.500000 32.000000 65.000000
646.500000 128.500000 32.000000 64.000000
646.500000 127.500000 32.000000 65.000000
646.500000 127.500000 32.000000 65.000000
646.500000 126.500000 33.000000 65.000000
646.500000 125.500000 33.000000 64.000000
645.500000 125.500000 34.000000 63.000000
645.500000 125.500000 34.000000 62.000000
646.500000 124.500000 34.000000 63.000000
646.500000 124.500000 34.000000 63.000000
646.500000 123.500000 35.000000 64.000000
647.500000 123.500000 34.000000 63.000000
647.500000 122.500000 35.000000 63.000000
648.500000 122.500000 33.000000 63.000000
648.500000 121.500000 34.000000 62.000000
649.500000 121.500000 33.000000 61.000000
649.500000 121.500000 34.000000 61.000000
647.500000 120.500000 36.000000 62.000000
646.500000 119.500000 38.000000 63.000000
646.500000 119.500000 37.000000 63.000000
644.500000 119.500000 40.000000 62.000000
645.500000 118.500000 39.000000 63.000000
645.500000 117.500000 39.000000 64.000000
646.500000 117.500000 38.000000 63.000000
646.500000 116.500000 39.000000 62.000000
648.500000 114.500000 38.000000 62.000000
647.500000 114.500000 39.000000 63.000000
650.500000 113.500000 37.000000 64.000000
649.500000 113.500000 38.000000 64.000000
650.500000 112.500000 37.000000 64.000000
654.500000 111.500000 34.000000 64.000000
654.500000 110.500000 34.000000 64.000000
654.500000 110.500000 34.000000 63.000000
654.500000 109.500000 34.000000 63.000000
654.500000 109.500000 35.000000 62.000000
654.500000 108.500000 36.000000 62.000000
654.500000 108.500000 36.000000 62.000000
653.500000 107.500000 37.000000 63.000000
649.500000 108.500000 39.000000 65.000000
649.500000 108.500000 39.000000 64.000000
650.500000 107.500000 39.000000 64.000000
650.500000 107.500000 39.000000 62.000000
650.500000 106.500000 38.000000 63.000000
651.500000 106.500000 37.000000 62.000000
652.500000 105.500000 37.000000 62.000000
654.500000 104.500000 35.000000 63.000000
655.500000 104.500000 34.000000 63.000000
656.500000 103.500000 35.000000 64.000000
656.500000 103.500000 35.000000 63.000000
657.500000 103.500000 36.000000 62.000000
657.500000 102.500000 36.000000 63.000000
657.500000 102.500000 37.000000 62.000000
657.500000 102.500000 37.000000 62.000000
657.500000 102.500000 37.000000 61.000000
657.500000 101.500000 37.000000 62.000000
658.500000 101.500000 37.000000 62.000000
658.500000 101.500000 37.000000 62.000000
658.500000 100.500000 37.000000 63.000000
658.500000 100.500000 37.000000 61.000000
658.500000 100.500000 38.000000 61.000000
659.500000 100.500000 37.000000 61.000000
659.500000 100.500000 37.000000 60.000000
659.500000 100.500000 37.000000 60.000000
660.500000 100.500000 36.000000 58.000000
660.500000 100.500000 36.000000 59.000000
663.500000 99.500000 34.000000 58.000000
664.500000 99.500000 34.000000 58.000000
665.500000 99.500000 34.000000 58.000000
663.500000 99.500000 34.000000 58.000000
663.500000 98.500000 34.000000 58.000000
665.500000 98.500000 34.000000 59.000000
666.500000 98.500000 33.000000 58.000000
666.500000 98.500000 34.000000 58.000000
667.500000 97.500000 33.000000 59.000000
668.500000 97.500000 33.000000 59.000000
669.500000 97.500000 32.000000 58.000000
669.500000 97.500000 33.000000 57.000000
669.500000 97.500000 33.000000 56.000000
669.500000 97.500000 33.000000 56.000000
669.500000 97.500000 34.000000 56.000000
669.500000 98.500000 35.000000 54.000000
670.500000 98.500000 35.000000 54.000000
670.500000 98.500000 36.000000 54.000000
670.500000 98.500000 37.000000 54.000000
671.500000 100.500000 36.000000 53.000000
671.500000 100.500000 38.000000 52.000000
671.500000 100.500000 38.000000 52.000000
671.500000 101.500000 39.000000 51.000000
672.500000 102.500000 38.000000 50.000000
672.500000 102.500000 39.000000 50.000000
671.500000 103.500000 41.000000 49.000000
671.500000 104.500000 41.000000 49.000000
671.500000 104.500000 42.000000 50.000000
671.500000 105.500000 42.000000 49.000000
671.500000 105.500000 42.000000 49.000000
673.500000 107.500000 40.000000 46.000000
677.500000 108.500000 36.000000 47.000000
678.500000 109.500000 35.000000 46.000000
678.500000 110.500000 35.000000 45.000000
679.500000 110.500000 33.000000 45.000000
678.500000 111.500000 34.000000 44.000000
679.500000 111.500000 34.000000 44.000000
679.500000 112.500000 32.000000 42.000000
680.500000 112.500000 31.000000 43.000000
680.500000 112.500000 30.000000 43.000000
680.500000 112.500000 30.000000 43.000000
680.500000 113.500000 32.000000 42.000000
680.500000 113.500000 30.000000 42.000000
680.500000 112.500000 31.000000 43.000000
680.500000 112.500000 30.000000 42.000000
680.500000 112.500000 31.000000 41.000000
680.500000 112.500000 31.000000 40.000000
680.500000 111.500000 31.000000 41.000000
680.500000 111.500000 32.000000 41.000000
680.500000 110.500000 32.000000 42.000000
680.500000 109.500000 32.000000 43.000000
680.500000 107.500000 33.000000 47.000000
680.500000 106.500000 33.000000 48.000000
680.500000 105.500000 33.000000 49.000000
679.500000 104.500000 34.000000 48.000000
679.500000 102.500000 35.000000 50.000000
679.500000 100.500000 35.000000 52.000000
679.500000 98.500000 35.000000 54.000000
679.500000 97.500000 35.000000 55.000000
679.500000 96.500000 35.000000 55.000000
678.500000 93.500000 36.000000 58.000000
678.500000 92.500000 34.000000 60.000000
678.500000 92.500000 34.000000 60.000000
678.500000 91.500000 33.000000 61.000000
678.500000 91.500000 33.000000 61.000000
678.500000 89.500000 34.000000 63.000000
678.500000 89.500000 37.000000 63.000000
678.500000 88.500000 38.000000 64.000000
676.500000 92.500000 42.000000 64.000000
676.500000 92.500000 43.000000 64.000000
676.500000 91.500000 45.000000 65.000000
676.500000 91.500000 46.000000 65.000000
676.500000 90.500000 48.000000 66.000000
677.500000 90.500000 48.000000 66.000000
677.500000 90.500000 48.000000 66.000000
677.500000 90.500000 49.000000 65.000000
677.500000 90.500000 49.000000 65.000000
679.500000 89.500000 46.000000 65.000000
681.500000 89.500000 44.000000 65.000000
682.500000 89.500000 43.000000 65.000000
686.500000 89.500000 39.000000 64.000000
686.500000 89.500000 39.000000 64.000000
686.500000 89.500000 39.000000 64.000000
686.500000 89.500000 39.000000 63.000000
686.500000 89.500000 39.000000 63.000000
686.500000 89.500000 39.000000 63.000000
686.500000 89.500000 39.000000 63.000000
687.500000 89.500000 38.000000 63.000000
688.500000 90.500000 37.000000 62.000000
688.500000 89.500000 39.000000 63.000000
689.500000 89.500000 36.000000 63.000000
694.500000 88.500000 32.000000 64.000000
696.500000 88.500000 31.000000 64.000000
698.500000 87.500000 29.000000 65.000000
698.500000 87.500000 29.000000 65.000000
699.500000 86.500000 29.000000 66.000000
701.500000 86.500000 27.000000 65.000000
701.500000 86.500000 28.000000 65.000000
701.500000 86.500000 28.000000 65.000000
701.500000 86.500000 28.000000 65.000000
702.500000 86.500000 27.000000 65.000000
701.500000 85.500000 28.000000 63.000000
701.500000 85.500000 28.000000 63.000000
701.500000 84.500000 28.000000 63.000000
701.500000 83.500000 27.000000 63.000000
701.500000 83.500000 27.000000 63.000000
701.500000 82.500000 27.000000 64.000000
700.500000 83.500000 27.000000 62.000000
700.500000 83.500000 27.000000 62.000000
700.500000 83.500000 27.000000 61.000000
700.500000 82.500000 28.000000 62.000000
701.500000 82.500000 27.000000 60.000000
701.500000 82.500000 27.000000 60.000000
700.500000 81.500000 28.000000 61.000000
701.500000 80.500000 27.000000 61.000000
700.500000 80.500000 28.000000 61.000000
699.500000 79.500000 29.000000 61.000000
699.500000 79.500000 29.000000 61.000000
699.500000 79.500000 28.000000 61.000000
698.500000 78.500000 29.000000 61.000000
698.500000 78.500000 29.000000 59.000000
699.500000 77.500000 28.000000 59.000000
699.500000 77.500000 28.000000 59.000000
699.500000 76.500000 28.000000 60.000000
699.500000 76.500000 29.000000 60.000000
700.500000 75.500000 28.000000 61.000000
701.500000 74.500000 27.000000 61.000000
700.500000 74.500000 29.000000 60.000000
700.500000 74.500000 29.000000 58.000000
700.500000 74.500000 28.000000 57.000000
700.500000 74.500000 27.000000 57.000000
698.500000 73.500000 29.000000 58.000000
697.500000 72.500000 29.000000 59.000000
697.500000 72.500000 30.000000 58.000000
697.500000 72.500000 30.000000 59.000000
697.500000 71.500000 30.000000 59.000000
698.500000 71.500000 29.000000 58.000000
697.500000 70.500000 29.000000 58.000000
697.500000 69.500000 29.000000 58.000000
697.500000 69.500000 29.000000 57.000000
697.500000 68.500000 28.000000 58.000000
697.500000 67.500000 28.000000 59.000000
697.500000 67.500000 28.000000 59.000000
697.500000 66.500000 29.000000 59.000000
697.500000 66.500000 29.000000 58.000000
697.500000 70.500000 27.000000 55.000000
696.500000 69.500000 27.000000 55.000000
696.500000 68.500000 27.000000 56.000000
695.500000 68.500000 28.000000 56.000000
695.500000 67.500000 27.000000 57.000000
694.500000 67.500000 28.000000 57.000000
696.500000 67.500000 27.000000 57.000000
696.500000 66.500000 27.000000 57.000000
697.500000 66.500000 26.000000 56.000000
697.500000 66.500000 26.000000 55.000000
697.500000 66.500000 26.000000 55.000000
697.500000 65.500000 26.000000 55.000000
697.500000 64.500000 27.000000 56.000000
697.500000 64.500000 27.000000 56.000000
697.500000 63.500000 28.000000 56.000000
698.500000 63.500000 26.000000 56.000000
698.500000 63.500000 26.000000 54.000000
697.500000 63.500000 27.000000 54.000000
697.500000 63.500000 27.000000 54.000000
697.500000 63.500000 27.000000 54.000000
697.500000 63.500000 27.000000 54.000000
697.500000 62.500000 28.000000 54.000000
698.500000 62.500000 27.000000 54.000000
698.500000 62.500000 27.000000 54.000000
698.500000 62.500000 27.000000 54.000000
696.500000 61.500000 29.000000 53.000000
697.500000 61.500000 29.000000 52.000000
697.500000 61.500000 29.000000 52.000000
698.500000 60.500000 29.000000 52.000000
697.500000 60.500000 31.000000 52.000000
698.500000 59.500000 30.000000 53.000000
697.500000 60.500000 29.000000 52.000000
696.500000 60.500000 29.000000 52.000000
697.500000 60.500000 30.000000 51.000000
697.500000 60.500000 29.000000 51.000000
697.500000 59.500000 29.000000 52.000000
698.500000 59.500000 29.000000 51.000000
699.500000 59.500000 28.000000 51.000000
699.500000 58.500000 29.000000 52.000000
699.500000 58.500000 29.000000 52.000000
699.500000 58.500000 29.000000 52.000000
698.500000 58.500000 30.000000 50.000000
698.500000 58.500000 30.000000 50.000000
698.500000 57.500000 30.000000 51.000000
699.500000 56.500000 30.000000 51.000000
701.500000 56.500000 28.000000 50.000000
702.500000 56.500000 28.000000 50.000000
703.500000 55.500000 28.000000 51.000000
703.500000 55.500000 28.000000 51.000000
703.500000 55.500000 29.000000 51.000000
703.500000 55.500000 29.000000 50.000000
705.500000 54.500000 28.000000 51.000000
705.500000 54.500000 28.000000 51.000000
706.500000 53.500000 27.000000 52.000000
707.500000 53.500000 26.000000 51.000000
706.500000 53.500000 28.000000 51.000000
707.500000 53.500000 27.000000 51.000000
708.500000 53.500000 27.000000 51.000000
709.500000 53.500000 26.000000 50.000000
710.500000 53.500000 25.000000 49.000000
710.500000 52.500000 25.000000 50.000000
710.500000 52.500000 26.000000 49.000000
710.500000 51.500000 26.000000 50.000000
711.500000 51.500000 25.000000 50.000000
712.500000 51.500000 25.000000 50.000000
712.500000 51.500000 25.000000 50.000000
712.500000 51.500000 26.000000 50.000000
713.500000 51.500000 25.000000 49.000000
713.500000 51.500000 25.000000 48.000000
714.500000 51.500000 24.000000 48.000000
715.500000 51.500000 24.000000 48.000000
714.500000 52.500000 23.000000 49.000000
715.500000 52.500000 22.000000 49.000000
715.500000 52.500000 22.000000 49.000000
715.500000 52.500000 22.000000 49.000000
715.500000 52.500000 23.000000 49.000000
715.500000 52.500000 23.000000 47.000000
715.500000 52.500000 23.000000 47.000000
715.500000 51.500000 24.000000 48.000000
716.500000 51.500000 23.000000 47.000000
716.500000 50.500000 24.000000 48.000000
716.500000 49.500000 24.000000 49.000000
716.500000 49.500000 25.000000 48.000000
717.500000 49.500000 25.000000 48.000000
718.500000 49.500000 25.000000 48.000000
718.500000 49.500000 26.000000 48.000000
719.500000 49.500000 24.000000 46.000000
720.500000 49.500000 24.000000 46.000000
720.500000 48.500000 24.000000 47.000000
721.500000 48.500000 23.000000 47.000000
721.500000 48.500000 24.000000 47.000000
722.500000 48.500000 23.000000 47.000000
723.500000 48.500000 22.000000 46.000000
723.500000 47.500000 23.000000 48.000000
723.500000 47.500000 23.000000 47.000000
723.500000 47.500000 23.000000 47.000000
723.500000 47.500000 24.000000 47.000000
723.500000 46.500000 24.000000 47.000000
724.500000 46.500000 24.000000 47.000000
724.500000 46.500000 24.000000 47.000000
720.500000 49.500000 25.000000 47.000000
721.500000 49.500000 25.000000 48.000000
721.500000 49.500000 26.000000 47.000000
721.500000 49.500000 26.000000 47.000000
721.500000 49.500000 25.000000 46.000000
723.500000 49.500000 24.000000 46.000000
723.500000 49.500000 24.000000 46.000000
724.500000 48.500000 23.000000 47.000000
724.500000 48.500000 24.000000 49.000000
725.500000 48.500000 23.000000 48.000000
725.500000 48.500000 23.000000 49.000000
725.500000 48.500000 24.000000 50.000000
724.500000 48.500000 25.000000 51.000000
724.500000 47.500000 25.000000 52.000000
724.500000 47.500000 26.000000 51.000000
725.500000 47.500000 25.000000 50.000000
726.500000 46.500000 25.000000 51.000000
726.500000 46.500000 25.000000 50.000000
727.500000 46.500000 25.000000 50.000000
727.500000 46.500000 25.000000 49.000000
728.500000 46.500000 24.000000 47.000000
728.500000 46.500000 25.000000 47.000000
729.500000 46.500000 26.000000 45.000000
729.500000 46.500000 26.000000 45.000000
730.500000 46.500000 25.000000 44.000000
731.500000 45.500000 24.000000 45.000000
732.500000 45.500000 23.000000 45.000000
731.500000 44.500000 24.000000 46.000000
732.500000 44.500000 23.000000 45.000000
731.500000 44.500000 24.000000 45.000000
731.500000 44.500000 24.000000 46.000000
732.500000 44.500000 23.000000 46.000000
732.500000 44.500000 23.000000 45.000000
733.500000 43.500000 22.000000 45.000000
734.500000 43.500000 21.000000 45.000000
735.500000 43.500000 20.000000 45.000000
735.500000 43.500000 20.000000 45.000000
736.500000 42.500000 19.000000 46.000000
736.500000 42.500000 19.000000 45.000000
737.500000 42.500000 18.000000 45.000000
737.500000 42.500000 18.000000 44.000000
737.500000 42.500000 18.000000 44.000000
737.500000 42.500000 18.000000 44.000000
617.500000 113.500000 33.000000 85.000000
617.500000 113.500000 33.000000 85.000000
617.500000 113.500000 33.000000 85.000000
617.500000 113.500000 33.000000 85.000000
617.500000 113.500000 33.000000 85.000000
617.500000 113.500000 33.000000 85.000000
628.500000 100.500000 29.000000 85.000000
628.500000 100.500000 29.000000 85.000000
632.500000 106.500000 123.000000 333.000000
725.500000 326.500000 30.000000 97.000000
720.500000 319.500000 35.000000 104.000000
711.500000 314.500000 44.000000 107.000000
711.500000 314.500000 44.000000 107.000000
707.500000 302.500000 48.000000 115.000000
705.500000 288.500000 50.000000 119.000000
705.500000 285.500000 50.000000 115.000000
705.500000 282.500000 50.000000 108.000000
705.500000 282.500000 50.000000 108.000000
705.500000 277.500000 50.000000 109.000000
706.500000 269.500000 49.000000 112.000000
705.500000 266.500000 50.000000 112.000000
705.500000 263.500000 50.000000 111.000000
704.500000 263.500000 51.000000 111.000000
703.500000 261.500000 52.000000 105.000000
700.500000 255.500000 55.000000 99.000000
700.500000 251.500000 53.000000 103.000000
700.500000 247.500000 53.000000 105.000000
700.500000 247.500000 53.000000 105.000000
700.500000 242.500000 52.000000 107.000000
702.500000 235.500000 50.000000 105.000000
702.500000 234.500000 48.000000 99.000000
702.500000 232.500000 48.000000 95.000000
702.500000 232.500000 48.000000 95.000000
702.500000 228.500000 46.000000 95.000000
702.500000 221.500000 46.000000 98.000000
702.500000 218.500000 46.000000 99.000000
703.500000 216.500000 45.000000 97.000000
703.500000 216.500000 45.000000 97.000000
703.500000 214.500000 47.000000 93.000000
703.500000 211.500000 46.000000 86.000000
703.500000 208.500000 46.000000 89.000000
704.500000 203.500000 45.000000 93.000000
704.500000 203.500000 45.000000 93.000000
705.500000 199.500000 44.000000 94.000000
706.500000 195.500000 43.000000 91.000000
706.500000 194.500000 43.000000 86.000000
706.500000 192.500000 43.000000 82.000000
706.500000 192.500000 43.000000 82.000000
707.500000 190.500000 42.000000 84.000000
707.500000 184.500000 41.000000 88.000000
707.500000 182.500000 42.000000 88.000000
707.500000 180.500000 43.000000 88.000000
707.500000 180.500000 43.000000 88.000000
707.500000 179.500000 43.000000 82.000000
709.500000 176.500000 42.000000 79.000000
710.500000 174.500000 40.000000 80.000000
710.500000 170.500000 40.000000 82.000000
710.500000 170.500000 40.000000 82.000000
711.500000 167.500000 39.000000 84.000000
711.500000 164.500000 39.000000 77.000000
711.500000 163.500000 39.000000 75.000000
711.500000 162.500000 40.000000 75.000000
711.500000 162.500000 40.000000 75.000000
712.500000 161.500000 38.000000 76.000000
712.500000 157.500000 37.000000 77.000000
712.500000 155.500000 37.000000 79.000000
712.500000 154.500000 38.000000 78.000000
712.500000 154.500000 38.000000 78.000000
712.500000 154.500000 39.000000 72.000000
712.500000 150.500000 38.000000 72.000000
712.500000 149.500000 37.000000 73.000000
712.500000 146.500000 36.000000 75.000000
712.500000 146.500000 36.000000 75.000000
712.500000 142.500000 36.000000 77.000000
712.500000 139.500000 34.000000 70.000000
712.500000 138.500000 34.000000 69.000000
712.500000 137.500000 35.000000 69.000000
712.500000 137.500000 34.000000 69.000000
712.500000 136.500000 35.000000 70.000000
712.500000 132.500000 33.000000 72.000000
712.500000 130.500000 33.000000 73.000000
711.500000 129.500000 34.000000 72.000000
711.500000 129.500000 34.000000 72.000000
710.500000 129.500000 36.000000 68.000000
711.500000 127.500000 32.000000 67.000000
712.500000 124.500000 30.000000 70.000000
711.500000 122.500000 29.000000 71.000000
712.500000 122.500000 28.000000 71.000000
711.500000 120.500000 29.000000 72.000000
712.500000 119.500000 27.000000 66.000000
712.500000 118.500000 27.000000 66.000000
712.500000 118.500000 25.000000 65.000000
711.500000 117.500000 25.000000 65.000000
711.500000 117.500000 25.000000 65.000000
711.500000 113.500000 26.000000 67.000000
711.500000 112.500000 28.000000 67.000000
711.500000 112.500000 29.000000 65.000000
710.500000 111.500000 30.000000 64.000000
710.500000 111.500000 30.000000 63.000000
709.500000 110.500000 29.000000 63.000000
709.500000 109.500000 27.000000 63.000000
709.500000 107.500000 27.000000 65.000000
708.500000 105.500000 28.000000 67.000000
708.500000 105.500000 28.000000 67.000000
708.500000 102.500000 27.000000 71.000000
707.500000 102.500000 28.000000 68.000000
706.500000 102.500000 28.000000 64.000000
706.500000 101.500000 28.000000 59.000000
706.500000 101.500000 28.000000 59.000000
706.500000 98.500000 28.000000 61.000000
706.500000 96.500000 28.000000 62.000000
705.500000 96.500000 29.000000 60.000000
705.500000 95.500000 30.000000 57.000000
705.500000 95.500000 30.000000 57.000000
705.500000 95.500000 30.000000 54.000000
705.500000 94.500000 29.000000 55.000000
704.500000 93.500000 29.000000 57.000000
704.500000 91.500000 28.000000 58.000000
704.500000 91.500000 28.000000 58.000000
703.500000 88.500000 27.000000 60.000000
703.500000 88.500000 27.000000 59.000000
703.500000 87.500000 25.000000 60.000000
703.500000 87.500000 25.000000 60.000000
703.500000 87.500000 25.000000 60.000000
703.500000 86.500000 24.000000 60.000000
702.500000 85.500000 26.000000 62.000000
702.500000 84.500000 26.000000 63.000000
703.500000 83.500000 25.000000 64.000000
703.500000 83.500000 25.000000 64.000000
703.500000 83.500000 25.000000 64.000000
703.500000 83.500000 25.000000 63.000000
703.500000 82.500000 24.000000 64.000000
703.500000 81.500000 23.000000 64.000000
703.500000 81.500000 23.000000 64.000000
703.500000 79.500000 23.000000 66.000000
703.500000 76.500000 23.000000 62.000000
703.500000 76.500000 23.000000 56.000000
702.500000 76.500000 24.000000 46.000000
702.500000 76.500000 24.000000 45.000000
702.500000 76.500000 24.000000 43.000000
702.500000 74.500000 25.000000 41.000000
703.500000 73.500000 27.000000 42.000000
704.500000 72.500000 21.000000 44.000000
704.500000 72.500000 21.000000 45.000000
704.500000 71.500000 21.000000 51.000000
705.500000 71.500000 19.000000 50.000000
705.500000 71.500000 19.000000 48.000000
704.500000 71.500000 20.000000 49.000000
703.500000 71.500000 21.000000 50.000000
704.500000 70.500000 20.000000 51.000000
703.500000 67.500000 19.000000 54.000000
703.500000 66.500000 19.000000 53.000000
703.500000 66.500000 19.000000 53.000000
703.500000 65.500000 19.000000 55.000000
703.500000 65.500000 19.000000 49.000000
701.500000 65.500000 21.000000 48.000000
702.500000 64.500000 20.000000 50.000000
702.500000 64.500000 19.000000 51.000000
702.500000 64.500000 19.000000 51.000000
702.500000 63.500000 19.000000 51.000000
702.500000 63.500000 19.000000 49.000000
702.500000 63.500000 19.000000 49.000000
702.500000 62.500000 19.000000 49.000000
702.500000 62.500000 19.000000 49.000000
702.500000 62.500000 19.000000 48.000000
701.500000 59.500000 20.000000 49.000000
700.500000 58.500000 20.000000 50.000000
700.500000 57.500000 20.000000 49.000000
700.500000 57.500000 19.000000 48.000000
700.500000 57.500000 19.000000 46.000000
699.500000 56.500000 20.000000 46.000000
698.500000 56.500000 22.000000 47.000000
699.500000 55.500000 20.000000 48.000000
698.500000 54.500000 21.000000 50.000000
698.500000 54.500000 21.000000 49.000000
694.500000 53.500000 26.000000 48.000000
693.500000 53.500000 28.000000 47.000000
693.500000 53.500000 28.000000 45.000000
693.500000 53.500000 28.000000 44.000000
696.500000 53.500000 23.000000 44.000000
697.500000 51.500000 22.000000 45.000000
697.500000 50.500000 22.000000 45.000000
696.500000 49.500000 23.000000 45.000000
696.500000 49.500000 23.000000 45.000000
697.500000 49.500000 22.000000 44.000000
696.500000 49.500000 23.000000 44.000000
696.500000 48.500000 23.000000 46.000000
694.500000 47.500000 25.000000 47.000000
694.500000 47.500000 25.000000 46.000000
694.500000 47.500000 25.000000 46.000000
694.500000 46.500000 25.000000 46.000000
696.500000 46.500000 23.000000 46.000000
696.500000 46.500000 23.000000 46.000000
694.500000 46.500000 25.000000 44.000000
694.500000 46.500000 25.000000 45.000000
696.500000 43.500000 23.000000 47.000000
694.500000 43.500000 25.000000 47.000000
695.500000 43.500000 24.000000 47.000000
696.500000 43.500000 23.000000 47.000000
697.500000 42.500000 22.000000 47.000000
697.500000 42.500000 22.000000 47.000000
696.500000 42.500000 22.000000 47.000000
696.500000 41.500000 22.000000 47.000000
696.500000 41.500000 22.000000 47.000000
696.500000 40.500000 22.000000 48.000000
696.500000 40.500000 22.000000 48.000000
696.500000 40.500000 22.000000 48.000000
696.500000 40.500000 22.000000 48.000000
696.500000 40.500000 22.000000 48.000000
697.500000 40.500000 21.000000 48.000000
697.500000 38.500000 21.000000 50.000000
697.500000 37.500000 21.000000 51.000000
697.500000 36.500000 21.000000 52.000000
698.500000 36.500000 20.000000 52.000000
697.500000 36.500000 21.000000 51.000000
696.500000 36.500000 22.000000 52.000000
697.500000 36.500000 21.000000 51.000000
697.500000 35.500000 21.000000 52.000000
698.500000 35.500000 20.000000 52.000000
697.500000 34.500000 21.000000 53.000000
697.500000 33.500000 21.000000 54.000000
698.500000 33.500000 20.000000 54.000000
698.500000 33.500000 20.000000 54.000000
699.500000 33.500000 19.000000 54.000000
699.500000 33.500000 19.000000 54.000000
699.500000 32.500000 20.000000 55.000000
699.500000 31.500000 19.000000 56.000000
699.500000 30.500000 19.000000 56.000000
699.500000 30.500000 19.000000 57.000000
700.500000 30.500000 18.000000 55.000000
700.500000 30.500000 18.000000 55.000000
700.500000 30.500000 18.000000 55.000000
700.500000 30.500000 18.000000 55.000000
700.500000 30.500000 17.000000 55.000000
699.500000 29.500000 18.000000 57.000000
699.500000 27.500000 19.000000 59.000000
699.500000 27.500000 19.000000 59.000000
699.500000 27.500000 19.000000 58.000000
699.500000 27.500000 19.000000 58.000000
699.500000 27.500000 19.000000 58.000000
699.500000 26.500000 19.000000 59.000000
699.500000 26.500000 20.000000 59.000000
699.500000 25.500000 19.000000 60.000000
699.500000 25.500000 19.000000 60.000000
699.500000 25.500000 19.000000 60.000000
698.500000 25.500000 20.000000 60.000000
699.500000 25.500000 19.000000 60.000000
699.500000 24.500000 18.000000 61.000000
699.500000 24.500000 19.000000 61.000000
699.500000 23.500000 18.000000 61.000000
700.500000 23.500000 18.000000 61.000000
702.500000 23.500000 16.000000 58.000000
702.500000 23.500000 16.000000 58.000000
702.500000 23.500000 16.000000 57.000000
702.500000 23.500000 16.000000 57.000000
701.500000 22.500000 17.000000 58.000000
701.500000 21.500000 17.000000 59.000000
700.500000 20.500000 17.000000 60.000000
700.500000 20.500000 17.000000 61.000000
700.500000 20.500000 18.000000 61.000000
700.500000 20.500000 17.000000 60.000000
700.500000 20.500000 18.000000 62.000000
700.500000 19.500000 18.000000 63.000000
700.500000 20.500000 18.000000 61.000000
700.500000 19.500000 18.000000 62.000000
702.500000 18.500000 16.000000 56.000000
701.500000 17.500000 18.000000 44.000000
701.500000 17.500000 18.000000 43.000000
701.500000 17.500000 18.000000 42.000000
701.500000 17.500000 18.000000 42.000000
701.500000 16.500000 17.000000 42.000000
701.500000 15.500000 17.000000 41.000000
701.500000 15.500000 17.000000 39.000000
701.500000 15.500000 17.000000 39.000000
701.500000 14.500000 17.000000 38.000000
701.500000 15.500000 17.000000 34.000000
701.500000 15.500000 17.000000 34.000000
701.500000 14.500000 15.000000 35.000000
701.500000 14.500000 15.000000 35.000000
701.500000 14.500000 16.000000 35.000000
701.500000 14.500000 16.000000 35.000000
701.500000 14.500000 16.000000 35.000000
701.500000 14.500000 16.000000 34.000000
701.500000 14.500000 16.000000 34.000000
701.500000 14.500000 16.000000 34.000000
701.500000 13.500000 16.000000 35.000000
701.500000 13.500000 15.000000 34.000000
700.500000 12.500000 16.000000 34.000000
700.500000 13.500000 15.000000 33.000000
700.500000 12.500000 16.000000 35.000000
700.500000 12.500000 16.000000 34.000000
700.500000 12.500000 16.000000 34.000000
700.500000 11.500000 16.000000 34.000000
700.500000 11.500000 16.000000 34.000000
